-5.730000000000000000e+02
-9.690000000000000000e+02
-3.540000000000000000e+02
-1.357000000000000000e+03
-5.030000000000000000e+02
-1.920000000000000000e+02
-3.950000000000000000e+02
-1.393000000000000000e+03
-4.870000000000000000e+02
-1.384000000000000000e+03
-1.510000000000000000e+03
-2.540000000000000000e+02
-5.590000000000000000e+02
-7.190000000000000000e+02
-6.910000000000000000e+02
-4.510000000000000000e+02
-1.366000000000000000e+03
-9.350000000000000000e+02
-1.343000000000000000e+03
-1.630000000000000000e+02
-8.130000000000000000e+02
-1.400000000000000000e+01
-5.000000000000000000e+02
-1.375000000000000000e+03
-1.143000000000000000e+03
-7.380000000000000000e+02
-4.570000000000000000e+02
-5.430000000000000000e+02
-1.375000000000000000e+03
-8.300000000000000000e+01
-3.280000000000000000e+02
-5.340000000000000000e+02
-7.950000000000000000e+02
-1.501000000000000000e+03
-2.290000000000000000e+02
-3.120000000000000000e+02
-6.270000000000000000e+02
-4.040000000000000000e+02
-5.410000000000000000e+02
-1.258000000000000000e+03
-2.730000000000000000e+02
-1.390000000000000000e+02
-1.015000000000000000e+03
-2.060000000000000000e+02
-3.130000000000000000e+02
-1.321000000000000000e+03
-1.047000000000000000e+03
-9.200000000000000000e+01
-1.181000000000000000e+03
-6.330000000000000000e+02
-1.183000000000000000e+03
-1.132000000000000000e+03
-3.290000000000000000e+02
-1.204000000000000000e+03
-2.230000000000000000e+02
-3.830000000000000000e+02
-4.920000000000000000e+02
-4.730000000000000000e+02
-1.204000000000000000e+03
-1.258000000000000000e+03
-3.060000000000000000e+02
-9.000000000000000000e+00
-8.050000000000000000e+02
-8.300000000000000000e+01
-8.650000000000000000e+02
-6.500000000000000000e+02
-3.210000000000000000e+02
-5.050000000000000000e+02
-5.610000000000000000e+02
-6.390000000000000000e+02
-9.870000000000000000e+02
-2.460000000000000000e+02
-2.400000000000000000e+02
-1.330000000000000000e+03
-5.990000000000000000e+02
-1.370000000000000000e+02
-1.294000000000000000e+03
-1.230000000000000000e+02
-9.690000000000000000e+02
-1.177000000000000000e+03
-1.090000000000000000e+02
-7.910000000000000000e+02
-2.250000000000000000e+02
-1.447000000000000000e+03
-5.800000000000000000e+01
-8.230000000000000000e+02
-2.150000000000000000e+02
-2.600000000000000000e+01
-9.700000000000000000e+01
-3.380000000000000000e+02
-5.070000000000000000e+02
-4.900000000000000000e+01
-3.440000000000000000e+02
-3.990000000000000000e+02
-2.690000000000000000e+02
-4.670000000000000000e+02
-1.040000000000000000e+02
-3.840000000000000000e+02
-4.510000000000000000e+02
-5.710000000000000000e+02
-1.580000000000000000e+02
-7.450000000000000000e+02
-6.090000000000000000e+02
-1.550000000000000000e+02
-4.110000000000000000e+02
-4.350000000000000000e+02
-1.440000000000000000e+02
-5.570000000000000000e+02
-1.103000000000000000e+03
-3.550000000000000000e+02
-1.650000000000000000e+02
-6.610000000000000000e+02
-1.250000000000000000e+02
-1.690000000000000000e+02
-2.850000000000000000e+02
-2.030000000000000000e+02
-4.770000000000000000e+02
-2.970000000000000000e+02
-2.190000000000000000e+02
-1.023000000000000000e+03
-2.390000000000000000e+02
-1.230000000000000000e+02
-1.530000000000000000e+02
-5.870000000000000000e+02
-1.710000000000000000e+02
-1.990000000000000000e+02
-3.610000000000000000e+02
-1.690000000000000000e+02
-5.010000000000000000e+02
-2.990000000000000000e+02
-5.630000000000000000e+02
-1.180000000000000000e+02
-3.290000000000000000e+02
-1.550000000000000000e+02
-1.540000000000000000e+02
-3.800000000000000000e+01
-1.000000000000000000e+02
-1.470000000000000000e+02
-8.600000000000000000e+01
-8.290000000000000000e+02
-6.700000000000000000e+01
-1.470000000000000000e+02
-3.270000000000000000e+02
-4.410000000000000000e+02
-1.530000000000000000e+02
-2.420000000000000000e+02
-2.310000000000000000e+02
-1.010000000000000000e+02
-1.390000000000000000e+02
-2.800000000000000000e+02
-1.390000000000000000e+02
-9.000000000000000000e+00
-6.600000000000000000e+01
-3.510000000000000000e+02
-6.700000000000000000e+01
-6.100000000000000000e+01
-4.170000000000000000e+02
-3.250000000000000000e+02
-7.600000000000000000e+01
-1.312000000000000000e+03
-2.190000000000000000e+02
-5.000000000000000000e+01
-3.070000000000000000e+02
-3.420000000000000000e+02
-1.610000000000000000e+02
-1.230000000000000000e+02
-2.920000000000000000e+02
-4.730000000000000000e+02
-1.170000000000000000e+02
-2.110000000000000000e+02
-2.770000000000000000e+02
-1.710000000000000000e+02
-4.600000000000000000e+01
-2.000000000000000000e+02
-8.100000000000000000e+01
-1.810000000000000000e+02
-1.590000000000000000e+02
-4.330000000000000000e+02
-8.100000000000000000e+01
-4.370000000000000000e+02
-6.900000000000000000e+01
-6.700000000000000000e+01
-3.250000000000000000e+02
-6.430000000000000000e+02
-1.440000000000000000e+02
-3.030000000000000000e+02
-4.360000000000000000e+02
-4.650000000000000000e+02
-7.300000000000000000e+01
-3.800000000000000000e+01
-1.290000000000000000e+02
-1.850000000000000000e+02
-3.000000000000000000e+01
-4.350000000000000000e+02
-5.900000000000000000e+01
-1.550000000000000000e+02
-2.230000000000000000e+02
-2.090000000000000000e+02
-4.700000000000000000e+01
-7.800000000000000000e+01
-1.490000000000000000e+02
-3.900000000000000000e+01
-2.170000000000000000e+02
-2.390000000000000000e+02
-1.600000000000000000e+01
-2.130000000000000000e+02
-2.990000000000000000e+02
-4.030000000000000000e+02
-2.310000000000000000e+02
-2.230000000000000000e+02
-3.450000000000000000e+02
-1.110000000000000000e+02
-1.690000000000000000e+02
-6.900000000000000000e+01
-7.900000000000000000e+01
-9.000000000000000000e+01
-5.650000000000000000e+02
-3.390000000000000000e+02
-2.590000000000000000e+02
-5.800000000000000000e+01
-1.080000000000000000e+02
-3.450000000000000000e+02
-3.190000000000000000e+02
-8.900000000000000000e+01
-1.230000000000000000e+02
-3.950000000000000000e+02
-7.700000000000000000e+01
-1.770000000000000000e+02
-4.470000000000000000e+02
-7.500000000000000000e+01
-3.670000000000000000e+02
-6.000000000000000000e+00
-1.030000000000000000e+02
-3.700000000000000000e+01
-6.900000000000000000e+01
-4.470000000000000000e+02
-7.700000000000000000e+01
-1.420000000000000000e+02
-1.470000000000000000e+02
-9.900000000000000000e+01
-6.800000000000000000e+01
-7.100000000000000000e+01
-1.070000000000000000e+02
-7.000000000000000000e+00
-6.400000000000000000e+01
-1.980000000000000000e+02
-1.510000000000000000e+02
-1.130000000000000000e+02
-2.150000000000000000e+02
-1.250000000000000000e+02
-5.700000000000000000e+01
-2.310000000000000000e+02
-2.110000000000000000e+02
-5.500000000000000000e+01
-2.870000000000000000e+02
-2.000000000000000000e+01
-1.810000000000000000e+02
-3.600000000000000000e+01
-6.700000000000000000e+01
-5.900000000000000000e+01
-5.500000000000000000e+01
-1.050000000000000000e+02
-1.790000000000000000e+02
-5.000000000000000000e+00
-1.520000000000000000e+02
-7.900000000000000000e+01
-1.790000000000000000e+02
-1.230000000000000000e+02
-1.070000000000000000e+02
-2.030000000000000000e+02
-1.090000000000000000e+02
-1.250000000000000000e+02
-3.190000000000000000e+02
-8.100000000000000000e+01
-6.500000000000000000e+01
-8.100000000000000000e+01
-5.100000000000000000e+01
-3.000000000000000000e+00
-1.310000000000000000e+02
-4.170000000000000000e+02
-9.500000000000000000e+01
-1.210000000000000000e+02
-2.400000000000000000e+01
-2.000000000000000000e+00
-4.000000000000000000e+00
-1.130000000000000000e+02
-1.370000000000000000e+02
-2.190000000000000000e+02
-3.100000000000000000e+01
-1.610000000000000000e+02
-1.560000000000000000e+02
-2.810000000000000000e+02
-8.100000000000000000e+01
-1.370000000000000000e+02
-1.010000000000000000e+02
-1.430000000000000000e+02
-4.700000000000000000e+01
-7.700000000000000000e+01
-1.110000000000000000e+02
-6.300000000000000000e+01
-6.500000000000000000e+01
-1.870000000000000000e+02
-9.500000000000000000e+01
-8.500000000000000000e+01
-6.300000000000000000e+01
-1.450000000000000000e+02
-2.690000000000000000e+02
-1.290000000000000000e+02
-1.350000000000000000e+02
-2.400000000000000000e+01
-2.130000000000000000e+02
-2.550000000000000000e+02
-2.150000000000000000e+02
-3.600000000000000000e+01
-1.530000000000000000e+02
-3.100000000000000000e+01
-1.230000000000000000e+02
-2.270000000000000000e+02
-6.200000000000000000e+01
-7.200000000000000000e+01
-7.200000000000000000e+01
-1.900000000000000000e+01
2.000000000000000000e+00
-1.610000000000000000e+02
-1.230000000000000000e+02
-1.930000000000000000e+02
-1.350000000000000000e+02
-1.910000000000000000e+02
-6.300000000000000000e+01
-6.900000000000000000e+01
-5.100000000000000000e+01
-4.400000000000000000e+01
-2.800000000000000000e+01
-1.130000000000000000e+02
-1.600000000000000000e+01
-1.550000000000000000e+02
-2.230000000000000000e+02
-3.700000000000000000e+01
-1.010000000000000000e+02
-1.180000000000000000e+02
-9.300000000000000000e+01
-8.000000000000000000e+00
-2.400000000000000000e+01
-1.730000000000000000e+02
-7.000000000000000000e+00
-5.300000000000000000e+01
-9.500000000000000000e+01
-5.800000000000000000e+01
-1.630000000000000000e+02
-2.010000000000000000e+02
-2.190000000000000000e+02
-1.510000000000000000e+02
3.000000000000000000e+00
-1.250000000000000000e+02
-8.200000000000000000e+01
-2.370000000000000000e+02
-5.000000000000000000e+00
-1.050000000000000000e+02
-9.000000000000000000e+00
-8.500000000000000000e+01
-1.470000000000000000e+02
-7.800000000000000000e+01
-1.530000000000000000e+02
-4.900000000000000000e+01
-3.100000000000000000e+01
-1.600000000000000000e+01
-9.700000000000000000e+01
-4.700000000000000000e+01
-4.900000000000000000e+01
-3.000000000000000000e+01
-1.000000000000000000e+01
-1.130000000000000000e+02
-1.070000000000000000e+02
-1.190000000000000000e+02
-9.100000000000000000e+01
-8.000000000000000000e+01
-1.600000000000000000e+01
-1.890000000000000000e+02
-2.900000000000000000e+01
-7.200000000000000000e+01
-1.530000000000000000e+02
-1.470000000000000000e+02
-1.270000000000000000e+02
-5.700000000000000000e+01
-1.450000000000000000e+02
-4.700000000000000000e+01
-7.900000000000000000e+01
-9.100000000000000000e+01
-9.300000000000000000e+01
-1.110000000000000000e+02
-1.630000000000000000e+02
-2.400000000000000000e+01
-1.310000000000000000e+02
-4.000000000000000000e+00
-9.700000000000000000e+01
-8.700000000000000000e+01
5.000000000000000000e+00
-3.000000000000000000e+01
-1.410000000000000000e+02
-1.010000000000000000e+02
-6.300000000000000000e+01
-3.700000000000000000e+01
-1.110000000000000000e+02
-9.900000000000000000e+01
-8.700000000000000000e+01
-7.900000000000000000e+01
-2.700000000000000000e+01
-1.700000000000000000e+01
-1.110000000000000000e+02
-1.130000000000000000e+02
-1.030000000000000000e+02
-4.400000000000000000e+01
-1.430000000000000000e+02
-1.000000000000000000e+02
-1.700000000000000000e+01
-8.900000000000000000e+01
-2.500000000000000000e+01
-1.270000000000000000e+02
-4.300000000000000000e+01
-9.900000000000000000e+01
-1.700000000000000000e+01
-6.900000000000000000e+01
-1.090000000000000000e+02
-1.010000000000000000e+02
-5.500000000000000000e+01
-1.240000000000000000e+02
-3.400000000000000000e+01
-6.900000000000000000e+01
-2.500000000000000000e+01
-1.250000000000000000e+02
-3.900000000000000000e+01
-1.600000000000000000e+01
-2.500000000000000000e+01
-8.900000000000000000e+01
-1.090000000000000000e+02
-7.100000000000000000e+01
6.000000000000000000e+00
-9.700000000000000000e+01
-3.700000000000000000e+01
3.000000000000000000e+00
-1.090000000000000000e+02
-8.900000000000000000e+01
-2.500000000000000000e+01
-2.900000000000000000e+01
-5.300000000000000000e+01
-7.000000000000000000e+00
-7.300000000000000000e+01
-1.050000000000000000e+02
-7.300000000000000000e+01
-2.800000000000000000e+01
-5.500000000000000000e+01
-7.500000000000000000e+01
-4.900000000000000000e+01
-7.500000000000000000e+01
-3.500000000000000000e+01
5.000000000000000000e+00
-9.300000000000000000e+01
-7.000000000000000000e+00
-1.730000000000000000e+02
-5.100000000000000000e+01
-7.100000000000000000e+01
-4.700000000000000000e+01
-8.300000000000000000e+01
-5.000000000000000000e+00
-1.500000000000000000e+01
-4.800000000000000000e+01
-2.600000000000000000e+01
-6.300000000000000000e+01
-6.300000000000000000e+01
-5.300000000000000000e+01
-2.700000000000000000e+01
-2.100000000000000000e+01
-1.370000000000000000e+02
-1.250000000000000000e+02
-1.110000000000000000e+02
-1.070000000000000000e+02
-5.300000000000000000e+01
-7.300000000000000000e+01
-6.300000000000000000e+01
-6.300000000000000000e+01
-4.000000000000000000e+01
-2.300000000000000000e+01
-7.100000000000000000e+01
-6.700000000000000000e+01
-5.000000000000000000e+00
-1.070000000000000000e+02
-4.600000000000000000e+01
-8.900000000000000000e+01
-6.300000000000000000e+01
-1.700000000000000000e+01
-3.500000000000000000e+01
-4.900000000000000000e+01
-1.090000000000000000e+02
-6.000000000000000000e+00
-9.000000000000000000e+00
4.000000000000000000e+00
-2.700000000000000000e+01
-6.100000000000000000e+01
-2.500000000000000000e+01
-6.000000000000000000e+00
-7.100000000000000000e+01
-8.700000000000000000e+01
-6.000000000000000000e+00
-2.600000000000000000e+01
-6.700000000000000000e+01
-5.500000000000000000e+01
-4.500000000000000000e+01
-1.800000000000000000e+01
-1.500000000000000000e+01
-2.500000000000000000e+01
-5.500000000000000000e+01
-7.100000000000000000e+01
-4.700000000000000000e+01
-2.900000000000000000e+01
-3.500000000000000000e+01
-2.500000000000000000e+01
-2.100000000000000000e+01
-9.000000000000000000e+00
-7.300000000000000000e+01
-4.000000000000000000e+00
-3.100000000000000000e+01
-3.300000000000000000e+01
-3.500000000000000000e+01
-3.700000000000000000e+01
-4.500000000000000000e+01
-9.000000000000000000e+00
-3.600000000000000000e+01
-9.900000000000000000e+01
-5.100000000000000000e+01
4.000000000000000000e+00
-4.900000000000000000e+01
-4.100000000000000000e+01
-3.500000000000000000e+01
-4.300000000000000000e+01
-4.900000000000000000e+01
-1.900000000000000000e+01
-8.100000000000000000e+01
-1.600000000000000000e+01
-1.900000000000000000e+01
-5.100000000000000000e+01
-2.100000000000000000e+01
-1.000000000000000000e+01
3.000000000000000000e+00
-2.600000000000000000e+01
-6.100000000000000000e+01
-4.000000000000000000e+00
-6.100000000000000000e+01
-7.500000000000000000e+01
-7.700000000000000000e+01
-7.500000000000000000e+01
-4.900000000000000000e+01
-3.700000000000000000e+01
-9.700000000000000000e+01
-6.300000000000000000e+01
6.000000000000000000e+00
-3.200000000000000000e+01
-7.300000000000000000e+01
-1.030000000000000000e+02
-1.700000000000000000e+01
-8.700000000000000000e+01
-1.300000000000000000e+01
-1.100000000000000000e+01
-1.500000000000000000e+01
-6.500000000000000000e+01
-9.000000000000000000e+00
-4.900000000000000000e+01
5.000000000000000000e+00
-6.300000000000000000e+01
-2.500000000000000000e+01
-5.000000000000000000e+00
-3.300000000000000000e+01
-4.000000000000000000e+00
-1.000000000000000000e+00
-2.700000000000000000e+01
-1.100000000000000000e+01
-4.500000000000000000e+01
-4.300000000000000000e+01
-7.500000000000000000e+01
-7.000000000000000000e+00
-5.100000000000000000e+01
-5.100000000000000000e+01
-5.100000000000000000e+01
-2.500000000000000000e+01
-7.500000000000000000e+01
-3.300000000000000000e+01
-6.000000000000000000e+00
-4.000000000000000000e+00
-4.300000000000000000e+01
-7.000000000000000000e+00
-3.900000000000000000e+01
-1.000000000000000000e+00
-2.700000000000000000e+01
-5.100000000000000000e+01
-5.100000000000000000e+01
-5.100000000000000000e+01
-5.000000000000000000e+00
6.000000000000000000e+00
-3.100000000000000000e+01
-2.100000000000000000e+01
-7.000000000000000000e+00
-4.700000000000000000e+01
-4.000000000000000000e+01
-7.900000000000000000e+01
-3.300000000000000000e+01
-6.700000000000000000e+01
-7.700000000000000000e+01
-1.700000000000000000e+01
-7.000000000000000000e+00
-4.300000000000000000e+01
-1.400000000000000000e+01
4.000000000000000000e+00
-6.500000000000000000e+01
-4.500000000000000000e+01
-5.700000000000000000e+01
-2.300000000000000000e+01
-4.000000000000000000e+00
-1.300000000000000000e+01
-1.900000000000000000e+01
-2.300000000000000000e+01
5.000000000000000000e+00
-1.900000000000000000e+01
-4.300000000000000000e+01
-3.500000000000000000e+01
-2.300000000000000000e+01
-1.190000000000000000e+02
-8.300000000000000000e+01
-3.500000000000000000e+01
-1.000000000000000000e+00
-4.000000000000000000e+00
-7.000000000000000000e+00
4.000000000000000000e+00
-1.700000000000000000e+01
-5.700000000000000000e+01
-5.000000000000000000e+01
-2.100000000000000000e+01
-2.500000000000000000e+01
-3.300000000000000000e+01
-2.300000000000000000e+01
-2.700000000000000000e+01
-4.000000000000000000e+01
-2.300000000000000000e+01
-4.300000000000000000e+01
-3.100000000000000000e+01
2.000000000000000000e+00
-2.700000000000000000e+01
-4.000000000000000000e+00
-1.300000000000000000e+01
-1.900000000000000000e+01
-5.000000000000000000e+00
-5.000000000000000000e+00
-2.900000000000000000e+01
-4.300000000000000000e+01
-2.700000000000000000e+01
-1.100000000000000000e+01
-6.700000000000000000e+01
-9.000000000000000000e+00
-1.500000000000000000e+01
-3.900000000000000000e+01
-2.100000000000000000e+01
-9.000000000000000000e+00
-4.300000000000000000e+01
-1.900000000000000000e+01
-3.900000000000000000e+01
-5.000000000000000000e+00
-4.300000000000000000e+01
-1.100000000000000000e+01
-9.000000000000000000e+00
-2.300000000000000000e+01
-1.600000000000000000e+01
-4.000000000000000000e+00
5.000000000000000000e+00
-2.500000000000000000e+01
-3.100000000000000000e+01
-1.900000000000000000e+01
-1.100000000000000000e+01
2.000000000000000000e+00
-1.500000000000000000e+01
-4.000000000000000000e+00
6.000000000000000000e+00
-1.700000000000000000e+01
-3.300000000000000000e+01
-2.300000000000000000e+01
-3.000000000000000000e+00
-1.100000000000000000e+01
-3.000000000000000000e+00
5.000000000000000000e+00
-7.000000000000000000e+00
1.000000000000000000e+00
-8.000000000000000000e+00
-6.000000000000000000e+00
-9.000000000000000000e+00
5.000000000000000000e+00
-6.000000000000000000e+00
-3.300000000000000000e+01
-1.700000000000000000e+01
3.000000000000000000e+00
6.000000000000000000e+00
-4.000000000000000000e+00
-1.000000000000000000e+00
6.000000000000000000e+00
-2.300000000000000000e+01
-1.500000000000000000e+01
-9.000000000000000000e+00
-6.000000000000000000e+00
-6.000000000000000000e+00
-1.300000000000000000e+01
-1.000000000000000000e+00
-2.500000000000000000e+01
-4.500000000000000000e+01
-2.400000000000000000e+01
5.000000000000000000e+00
-2.300000000000000000e+01
2.000000000000000000e+00
-2.500000000000000000e+01
-3.300000000000000000e+01
-4.000000000000000000e+00
-1.300000000000000000e+01
-1.100000000000000000e+01
-4.300000000000000000e+01
-3.100000000000000000e+01
-5.000000000000000000e+00
-5.000000000000000000e+00
-9.000000000000000000e+00
6.000000000000000000e+00
-5.500000000000000000e+01
-1.000000000000000000e+00
6.000000000000000000e+00
-3.100000000000000000e+01
6.000000000000000000e+00
6.000000000000000000e+00
3.000000000000000000e+00
5.000000000000000000e+00
-5.000000000000000000e+00
-2.300000000000000000e+01
-2.700000000000000000e+01
-4.100000000000000000e+01
-2.100000000000000000e+01
-1.000000000000000000e+00
-3.700000000000000000e+01
-6.000000000000000000e+00
5.000000000000000000e+00
-1.300000000000000000e+01
1.000000000000000000e+00
-1.100000000000000000e+01
-5.000000000000000000e+00
-4.000000000000000000e+00
-2.900000000000000000e+01
-6.000000000000000000e+00
-1.400000000000000000e+01
-1.900000000000000000e+01
6.000000000000000000e+00
-5.000000000000000000e+00
-2.300000000000000000e+01
-5.000000000000000000e+00
-2.500000000000000000e+01
3.000000000000000000e+00
6.000000000000000000e+00
-1.000000000000000000e+00
-1.000000000000000000e+00
-9.000000000000000000e+00
-1.000000000000000000e+00
-1.300000000000000000e+01
-1.000000000000000000e+00
-1.000000000000000000e+00
3.000000000000000000e+00
-1.700000000000000000e+01
-1.900000000000000000e+01
-1.500000000000000000e+01
-3.000000000000000000e+00
-1.100000000000000000e+01
-9.000000000000000000e+00
-1.500000000000000000e+01
-5.000000000000000000e+00
-1.000000000000000000e+00
-1.400000000000000000e+01
5.000000000000000000e+00
5.000000000000000000e+00
4.000000000000000000e+00
-1.000000000000000000e+00
-1.000000000000000000e+00
3.000000000000000000e+00
-3.300000000000000000e+01
-2.100000000000000000e+01
-1.100000000000000000e+01
-5.000000000000000000e+00
-3.000000000000000000e+00
3.000000000000000000e+00
-1.000000000000000000e+00
-5.000000000000000000e+00
6.000000000000000000e+00
-1.300000000000000000e+01
-1.700000000000000000e+01
-4.500000000000000000e+01
-4.300000000000000000e+01
-1.000000000000000000e+00
-1.300000000000000000e+01
-2.900000000000000000e+01
-1.900000000000000000e+01
6.000000000000000000e+00
-2.300000000000000000e+01
-3.000000000000000000e+00
-3.100000000000000000e+01
6.000000000000000000e+00
6.000000000000000000e+00
-1.900000000000000000e+01
-1.000000000000000000e+00
-1.100000000000000000e+01
5.000000000000000000e+00
-2.500000000000000000e+01
-3.500000000000000000e+01
-1.900000000000000000e+01
-3.500000000000000000e+01
-1.000000000000000000e+00
3.000000000000000000e+00
-1.000000000000000000e+00
6.000000000000000000e+00
-3.900000000000000000e+01
-4.700000000000000000e+01
-3.100000000000000000e+01
6.000000000000000000e+00
-5.000000000000000000e+00
-7.000000000000000000e+00
-1.900000000000000000e+01
-1.100000000000000000e+01
-2.900000000000000000e+01
-9.000000000000000000e+00
-5.000000000000000000e+00
-1.100000000000000000e+01
-3.000000000000000000e+00
5.000000000000000000e+00
6.000000000000000000e+00
-1.300000000000000000e+01
-8.000000000000000000e+00
-5.000000000000000000e+00
-1.300000000000000000e+01
6.000000000000000000e+00
6.000000000000000000e+00
-1.300000000000000000e+01
-1.100000000000000000e+01
-1.000000000000000000e+00
6.000000000000000000e+00
5.000000000000000000e+00
-1.000000000000000000e+00
-1.100000000000000000e+01
-1.000000000000000000e+00
6.000000000000000000e+00
-1.000000000000000000e+00
-1.000000000000000000e+00
3.000000000000000000e+00
-1.100000000000000000e+01
-1.000000000000000000e+00
-7.000000000000000000e+00
1.000000000000000000e+00
-1.000000000000000000e+00
6.000000000000000000e+00
-2.500000000000000000e+01
-1.100000000000000000e+01
6.000000000000000000e+00
-1.100000000000000000e+01
6.000000000000000000e+00
-1.300000000000000000e+01
-4.000000000000000000e+00
1.000000000000000000e+00
-1.300000000000000000e+01
-2.100000000000000000e+01
-1.100000000000000000e+01
-1.300000000000000000e+01
5.000000000000000000e+00
6.000000000000000000e+00
-2.900000000000000000e+01
1.000000000000000000e+00
3.000000000000000000e+00
1.000000000000000000e+00
-9.000000000000000000e+00
-1.000000000000000000e+00
-3.000000000000000000e+00
-1.300000000000000000e+01
-1.000000000000000000e+00
-1.100000000000000000e+01
1.000000000000000000e+00
5.000000000000000000e+00
5.000000000000000000e+00
-5.000000000000000000e+00
-3.000000000000000000e+00
6.000000000000000000e+00
-1.300000000000000000e+01
-7.000000000000000000e+00
-1.300000000000000000e+01
-1.100000000000000000e+01
-1.300000000000000000e+01
-2.500000000000000000e+01
1.000000000000000000e+00
1.000000000000000000e+00
-1.100000000000000000e+01
1.000000000000000000e+00
-3.000000000000000000e+00
5.000000000000000000e+00
5.000000000000000000e+00
6.000000000000000000e+00
3.000000000000000000e+00
6.000000000000000000e+00
-1.000000000000000000e+00
-1.100000000000000000e+01
3.000000000000000000e+00
-2.100000000000000000e+01
-3.000000000000000000e+00
1.000000000000000000e+00
-1.000000000000000000e+00
5.000000000000000000e+00
-1.000000000000000000e+00
5.000000000000000000e+00
-1.000000000000000000e+00
-1.500000000000000000e+01
4.000000000000000000e+00
-1.000000000000000000e+00
6.000000000000000000e+00
5.000000000000000000e+00
-2.100000000000000000e+01
2.000000000000000000e+00
-1.000000000000000000e+00
-1.100000000000000000e+01
-1.000000000000000000e+00
-5.000000000000000000e+00
-1.000000000000000000e+00
-4.000000000000000000e+00
-1.000000000000000000e+00
-1.000000000000000000e+00
1.000000000000000000e+00
5.000000000000000000e+00
-3.000000000000000000e+00
1.000000000000000000e+00
-1.000000000000000000e+00
-1.000000000000000000e+00
1.000000000000000000e+00
-4.000000000000000000e+00
-1.000000000000000000e+00
-9.000000000000000000e+00
-1.000000000000000000e+00
-5.000000000000000000e+00
1.000000000000000000e+00
-9.000000000000000000e+00
-9.000000000000000000e+00
-1.100000000000000000e+01
1.000000000000000000e+00
6.000000000000000000e+00
-5.000000000000000000e+00
-1.000000000000000000e+00
-1.000000000000000000e+00
1.000000000000000000e+00
6.000000000000000000e+00
6.000000000000000000e+00
-5.000000000000000000e+00
-5.000000000000000000e+00
1.000000000000000000e+00
6.000000000000000000e+00
-1.100000000000000000e+01
-1.000000000000000000e+00
6.000000000000000000e+00
1.000000000000000000e+00
1.000000000000000000e+00
5.000000000000000000e+00
3.000000000000000000e+00
-1.000000000000000000e+00
1.000000000000000000e+00
-1.000000000000000000e+00
-3.500000000000000000e+01
-1.000000000000000000e+00
-1.000000000000000000e+00
6.000000000000000000e+00
-3.000000000000000000e+00
5.000000000000000000e+00
5.000000000000000000e+00
-1.100000000000000000e+01
5.000000000000000000e+00
5.000000000000000000e+00
1.000000000000000000e+00
-1.000000000000000000e+00
6.000000000000000000e+00
-1.000000000000000000e+00
-1.000000000000000000e+00
6.000000000000000000e+00
5.000000000000000000e+00
-1.000000000000000000e+00
-1.000000000000000000e+00
5.000000000000000000e+00
-3.000000000000000000e+00
5.000000000000000000e+00
1.000000000000000000e+00
-1.000000000000000000e+00
1.000000000000000000e+00
-1.000000000000000000e+00
5.000000000000000000e+00
-1.000000000000000000e+00
1.000000000000000000e+00
-1.000000000000000000e+00
-1.000000000000000000e+00
-1.000000000000000000e+00
1.000000000000000000e+00
5.000000000000000000e+00
-1.000000000000000000e+00
