40
40
4
40;0;0;0;
41;2;1;1;
2;3;1;2;
3;4;2;3;
44;4;3;4;
45;6;5;5;
46;7;5;6;
7;7;6;7;
48;9;8;8;
49;10;8;9;
10;11;9;10;
11;12;10;11;
52;12;11;12;
53;14;13;13;
14;14;13;14;
55;16;15;15;
16;17;15;16;
57;18;16;17;
58;18;17;18;
59;20;19;19;
20;21;19;20;
61;21;20;21;
22;23;22;22;
23;24;22;23;
64;25;23;24;
25;26;24;25;
26;27;25;26;
27;28;26;27;
68;29;27;28;
29;30;28;29;
70;30;29;30;
71;32;31;31;
72;32;31;32;
73;34;33;33;
74;34;33;34;
75;36;35;35;
76;37;35;36;
37;38;36;37;
38;39;37;38;
79;39;38;39;
80;41;40;0;
41;41;40;1;
82;43;42;42;
83;43;42;43;
44;45;44;4;
45;45;44;5;
46;47;46;6;
47;48;46;47;
48;48;47;8;
89;49;49;9;
90;51;50;50;
91;51;50;51;
92;52;52;12;
53;54;53;13;
94;55;53;54;
55;55;54;15;
96;57;56;56;
57;57;56;17;
58;59;58;18;
59;59;58;19;
100;60;60;60;
61;62;61;21;
62;63;61;62;
103;63;62;63;
64;65;64;24;
105;65;64;65;
106;67;66;66;
107;67;66;67;
68;69;68;28;
109;69;68;69;
70;70;70;30;
111;71;71;31;
72;73;72;32;
73;73;72;33;
74;75;74;34;
75;75;74;35;
76;77;76;36;
117;77;76;77;
78;79;78;78;
119;79;78;39;
120;80;80;40;
81;82;81;81;
122;82;81;42;
123;83;83;43;
124;84;84;84;
125;86;85;85;
86;87;85;86;
87;88;86;87;
88;89;87;88;
89;89;88;49;
130;90;90;50;
131;91;91;51;
92;93;92;52;
133;93;92;93;
94;95;94;54;
95;95;94;95;
136;96;96;56;
97;98;97;97;
138;98;97;98;
139;100;99;99;
100;101;99;60;
101;102;100;101;
102;103;101;102;
103;103;102;63;
144;105;104;104;
105;105;104;65;
146;106;106;66;
107;108;107;67;
148;108;107;108;
149;110;109;69;
110;111;109;110;
111;111;110;71;
152;113;112;112;
153;114;112;113;
114;115;113;114;
115;116;114;115;
156;116;115;116;
117;118;117;77;
158;118;117;118;
119;119;119;79;
160;120;120;80;
161;122;121;121;
122;122;121;82;
163;123;123;83;
164;124;124;84;
165;125;125;85;
166;127;126;126;
167;127;126;127;
168;129;128;128;
129;129;128;129;
170;130;130;90;
131;132;131;91;
172;132;131;132;
133;134;133;93;
134;135;133;134;
135;136;134;135;
136;136;135;96;
177;138;137;137;
138;138;137;98;
179;139;139;99;
180;141;140;140;
141;142;140;141;
182;143;141;142;
143;143;142;143;
184;145;144;104;
145;145;144;145;
146;147;146;106;
187;147;146;147;
188;148;148;108;
189;149;149;109;
190;151;150;150;
191;151;150;151;
192;152;152;112;
153;154;153;113;
154;155;153;154;
195;155;154;155;
196;156;156;116;
197;157;157;157;
158;159;158;118;
199;159;158;159;
200;160;160;120;
201;161;161;121;
162;163;162;162;
163;164;162;123;
164;164;163;124;
205;165;165;125;
206;166;166;126;
207;167;167;127;
208;168;168;128;
209;170;169;169;
170;170;169;130;
211;172;171;171;
172;173;171;132;
173;174;172;173;
174;174;173;174;
215;176;175;175;
176;177;175;176;
177;178;176;137;
218;178;177;178;
219;179;179;139;
220;180;180;140;
221;182;181;181;
182;182;181;142;
223;184;183;183;
184;184;183;144;
225;186;185;185;
186;187;185;186;
187;187;186;147;
228;188;188;148;
189;190;189;149;
190;190;189;150;
231;191;191;151;
192;192;192;152;
233;194;193;193;
194;195;193;194;
195;195;194;155;
236;196;196;156;
237;198;197;157;
198;198;197;198;
239;199;199;159;
240;200;200;160;
241;201;201;161;
242;203;202;202;
203;204;202;203;
244;204;203;204;
205;206;205;165;
206;206;205;166;
247;207;207;167;
248;208;208;168;
209;210;209;169;
250;210;209;210;
211;212;211;171;
212;213;211;212;
213;214;212;213;
214;215;213;214;
215;215;214;175;
256;217;216;216;
257;218;216;217;
218;218;217;178;
259;219;219;179;
220;220;220;180;
221;222;221;181;
262;222;221;222;
263;224;223;183;
224;224;223;224;
225;226;225;185;
266;226;225;226;
267;227;227;227;
228;229;228;188;
269;229;228;229;
270;231;230;230;
231;231;230;191;
272;233;232;232;
233;233;232;193;
234;235;234;234;
275;235;234;235;
276;236;236;196;
237;238;237;197;
278;238;237;238;
279;239;239;199;
240;241;240;200;
281;241;240;201;
282;242;242;202;
283;243;243;243;
244;245;244;204;
245;246;244;245;
246;247;245;246;
247;247;246;207;
288;249;248;208;
249;249;248;249;
250;251;250;210;
251;252;250;251;
292;253;251;252;
253;254;252;253;
254;254;253;254;
295;256;255;255;
256;256;255;216;
297;257;257;217;
298;259;258;258;
259;259;258;219;
300;261;260;260;
261;262;260;261;
262;262;261;222;
303;263;263;223;
304;265;264;264;
265;266;264;265;
266;266;265;226;
267;268;267;227;
308;268;267;268;
309;269;269;229;
270;271;270;230;
271;272;270;271;
272;272;271;232;
313;274;273;273;
274;275;273;274;
315;275;274;235;
276;277;276;236;
277;278;276;277;
318;278;277;238;
319;279;279;239;
280;281;280;280;
281;281;280;241;
322;282;282;242;
283;284;283;243;
324;285;283;284;
325;286;284;285;
326;286;285;286;
327;288;287;287;
288;289;287;248;
289;290;288;289;
290;291;289;290;
291;292;290;291;
292;292;291;252;
333;294;293;293;
334;294;293;294;
295;296;295;255;
336;296;295;296;
337;297;297;257;
338;298;298;258;
299;300;299;299;
340;300;299;260;
341;302;301;301;
342;302;301;302;
343;303;303;263;
344;304;304;264;
345;306;305;305;
306;307;305;306;
347;307;306;307;
348;308;308;268;
349;309;309;269;
350;311;310;310;
311;312;310;311;
312;313;311;312;
313;313;312;273;
354;314;314;314;
355;315;315;275;
356;316;316;316;
357;318;317;317;
318;318;317;278;
359;319;319;279;
360;321;320;320;
361;321;320;321;
322;323;322;282;
363;323;322;323;
364;324;324;284;
365;325;325;285;
326;326;326;286;
327;328;327;287;
328;329;327;328;
369;329;328;329;
370;331;330;330;
371;331;330;331;
372;333;332;332;
333;333;332;293;
374;335;334;294;
335;336;334;335;
336;336;335;296;
337;337;337;297;
338;339;338;298;
379;339;338;339;
380;341;340;300;
341;341;340;301;
342;343;342;302;
343;343;342;303;
344;345;344;304;
345;346;344;305;
346;346;345;346;
387;347;347;307;
348;349;348;308;
389;349;348;309;
350;351;350;310;
351;352;350;351;
392;352;351;352;
353;354;353;353;
354;355;353;314;
355;356;354;315;
356;356;355;316;
357;358;357;317;
398;358;357;358;
399;359;359;319;
400;360;360;320;
401;361;361;321;
402;363;362;362;
363;363;362;323;
364;364;364;324;
405;365;365;325;
406;367;366;366;
367;368;366;367;
368;369;367;368;
369;369;368;329;
410;370;370;330;
371;372;371;331;
372;372;371;332;
413;374;373;373;
374;374;373;334;
415;376;375;375;
376;377;375;376;
417;377;376;377;
418;379;378;378;
379;379;378;339;
420;380;380;340;
421;382;381;381;
422;382;381;382;
383;384;383;383;
424;384;383;384;
425;386;385;385;
426;386;385;386;
427;388;387;347;
428;388;387;388;
389;390;389;349;
390;391;389;390;
431;391;390;391;
432;392;392;352;
433;394;393;393;
394;395;393;394;
395;396;394;395;
436;396;395;396;
437;398;397;397;
398;398;397;358;
439;399;399;359;
440;400;400;360;
401;402;401;361;
402;402;401;362;
443;404;403;403;
444;404;403;404;
445;406;405;365;
406;407;405;366;
407;407;406;407;
448;409;408;408;
409;410;408;409;
410;410;409;370;
451;411;411;411;
452;413;412;412;
413;414;412;373;
414;414;413;414;
455;415;415;375;
456;417;416;416;
417;417;416;377;
458;418;418;378;
419;420;419;419;
420;421;419;380;
421;421;420;381;
462;422;422;382;
463;424;423;423;
464;424;423;384;
465;425;425;385;
466;426;426;386;
427;427;427;387;
468;428;428;388;
469;430;429;429;
470;430;429;430;
471;431;431;391;
472;433;432;392;
433;434;432;393;
434;435;433;434;
435;435;434;435;
436;437;436;396;
437;438;436;397;
438;438;437;438;
479;439;439;399;
480;440;440;400;
481;442;441;441;
482;442;441;442;
483;443;443;403;
484;444;444;404;
445;445;445;405;
486;447;446;446;
447;448;446;447;
448;448;447;408;
489;449;449;449;
490;451;450;450;
451;452;450;411;
452;452;451;412;
493;454;453;453;
494;454;453;454;
495;455;455;415;
456;457;456;416;
457;458;456;457;
458;459;457;418;
499;459;458;459;
460;461;460;460;
461;462;460;461;
462;463;461;422;
463;463;462;423;
464;464;464;424;
505;465;465;425;
466;467;466;426;
467;468;466;467;
468;468;467;428;
509;469;469;429;
510;470;470;430;
511;471;471;431;
472;472;472;432;
513;474;473;473;
474;475;473;474;
515;475;474;475;
516;477;476;476;
517;477;476;477;
518;479;478;478;
479;479;478;439;
520;481;480;440;
481;481;480;441;
482;483;482;442;
483;483;482;443;
484;485;484;444;
525;485;484;485;
486;487;486;446;
527;487;486;487;
528;489;488;488;
489;489;488;449;
530;490;490;450;
531;492;491;491;
492;493;491;492;
493;493;492;453;
494;495;494;454;
495;495;494;455;
536;497;496;496;
537;497;496;497;
498;499;498;498;
499;500;498;459;
500;501;499;500;
501;502;500;501;
502;503;501;502;
503;504;502;503;
504;505;503;504;
505;505;504;465;
546;507;506;506;
507;508;506;507;
548;508;507;508;
549;509;509;469;
510;511;510;470;
511;512;510;471;
512;513;511;512;
513;513;512;473;
554;514;514;514;
515;516;515;475;
516;516;515;476;
557;517;517;477;
558;519;518;478;
559;519;518;519;
520;521;520;480;
521;521;520;521;
562;523;522;522;
523;524;522;523;
564;524;523;524;
525;526;525;485;
566;526;525;526;
567;527;527;487;
568;528;528;488;
569;530;529;529;
530;530;529;490;
571;531;531;491;
532;533;532;532;
573;534;532;533;
574;534;533;534;
575;535;535;535;
576;536;536;496;
537;538;537;497;
538;539;537;538;
539;540;538;539;
540;541;539;540;
541;542;540;541;
542;543;541;542;
583;543;542;543;
544;545;544;544;
545;546;544;545;
546;547;545;506;
587;547;546;547;
548;549;548;508;
549;549;548;509;
590;551;550;550;
591;551;550;551;
552;553;552;552;
553;554;552;553;
554;555;553;514;
595;556;554;555;
556;557;555;556;
557;557;556;517;
558;558;558;518;
599;559;559;519;
600;561;560;560;
561;562;560;561;
562;562;561;522;
603;563;563;563;
604;564;564;524;
605;566;565;565;
566;566;565;526;
607;567;567;527;
608;569;568;528;
569;569;568;529;
610;571;570;570;
571;572;570;531;
572;573;571;572;
573;573;572;533;
574;575;574;534;
575;575;574;535;
576;577;576;536;
617;577;576;577;
618;579;578;578;
579;580;578;579;
620;580;579;580;
621;582;581;581;
622;582;581;582;
583;584;583;543;
624;584;583;584;
625;586;585;585;
626;586;585;586;
587;587;587;547;
628;589;588;588;
589;590;588;589;
590;590;589;550;
591;592;591;551;
632;592;591;592;
633;594;593;593;
634;594;593;594;
595;596;595;555;
596;597;595;596;
597;598;596;597;
638;598;597;598;
639;599;599;559;
640;600;600;560;
641;602;601;601;
642;602;601;602;
643;604;603;563;
604;604;603;564;
605;606;605;565;
646;606;605;606;
647;607;607;567;
648;608;608;568;
649;610;609;609;
610;611;609;570;
611;611;610;611;
652;613;612;612;
613;614;612;613;
654;614;613;614;
655;616;615;615;
616;617;615;616;
617;617;616;577;
658;619;618;578;
619;619;618;619;
660;620;620;580;
661;621;621;581;
622;623;622;582;
663;623;622;623;
624;625;624;584;
625;625;624;585;
666;626;626;586;
667;628;627;627;
628;628;627;588;
669;630;629;629;
670;631;629;630;
671;631;630;631;
632;633;632;592;
633;633;632;593;
674;634;634;594;
675;636;635;635;
636;637;635;636;
677;637;636;637;
638;639;638;598;
679;639;638;599;
680;641;640;600;
641;641;640;601;
682;642;642;602;
643;644;643;603;
644;645;643;644;
645;646;644;645;
646;646;645;606;
687;647;647;607;
648;648;648;608;
689;649;649;609;
690;651;650;650;
651;652;650;651;
652;652;651;612;
693;654;653;653;
654;654;653;614;
655;656;655;615;
696;656;655;656;
697;658;657;657;
658;658;657;618;
699;660;659;659;
700;660;659;620;
661;662;661;621;
662;662;661;662;
663;664;663;623;
704;665;663;664;
665;665;664;665;
706;666;666;626;
707;667;667;627;
668;669;668;668;
669;669;668;629;
710;670;670;630;
711;671;671;631;
712;673;672;672;
673;673;672;673;
714;674;674;634;
715;675;675;635;
716;676;676;676;
677;678;677;637;
718;678;677;678;
719;679;679;639;
720;680;680;640;
721;681;681;681;
682;683;682;642;
723;683;682;683;
724;684;684;684;
725;686;685;685;
686;687;685;686;
687;688;686;647;
688;689;687;688;
689;689;688;649;
690;691;690;650;
731;691;690;691;
732;693;692;692;
693;693;692;653;
734;695;694;694;
695;696;694;695;
696;696;695;656;
737;697;697;657;
738;699;698;698;
699;699;698;659;
740;700;700;660;
741;702;701;701;
702;703;701;702;
743;703;702;703;
704;705;704;664;
745;705;704;705;
706;707;706;666;
707;707;706;667;
748;709;708;708;
709;710;708;709;
710;710;709;670;
711;712;711;671;
712;712;711;672;
753;714;713;713;
714;714;713;674;
755;716;715;675;
716;717;715;676;
717;717;716;717;
718;719;718;678;
759;719;718;679;
760;721;720;680;
721;721;720;681;
762;723;722;722;
763;723;722;683;
724;725;724;684;
725;726;724;685;
726;726;725;726;
767;728;727;727;
728;729;727;728;
769;730;728;729;
730;730;729;730;
771;731;731;691;
732;733;732;692;
773;733;732;733;
734;735;734;694;
735;736;734;735;
736;737;735;736;
737;737;736;697;
778;738;738;698;
779;740;739;739;
740;740;739;700;
781;741;741;701;
782;742;742;742;
743;744;743;703;
784;744;743;744;
745;746;745;705;
786;747;745;746;
747;748;746;747;
748;749;747;708;
789;749;748;749;
790;751;750;750;
751;752;750;751;
752;753;751;752;
753;753;752;713;
754;755;754;754;
755;755;754;715;
796;757;756;756;
757;758;756;757;
798;758;757;758;
759;759;759;719;
800;760;760;720;
801;762;761;761;
762;762;761;722;
763;763;763;723;
804;765;764;764;
765;766;764;765;
766;767;765;766;
767;768;766;727;
768;768;767;768;
769;770;769;729;
810;770;769;770;
811;771;771;731;
812;772;772;772;
773;774;773;733;
774;775;773;774;
815;776;774;775;
776;777;775;776;
777;777;776;777;
818;778;778;738;
819;779;779;739;
820;781;780;780;
781;781;780;741;
822;783;782;742;
823;783;782;783;
784;785;784;744;
825;785;784;785;
786;787;786;746;
787;788;786;787;
788;788;787;788;
829;790;789;749;
790;790;789;750;
831;791;791;791;
832;793;792;792;
833;794;792;793;
794;795;793;794;
795;796;794;795;
796;796;795;756;
837;797;797;797;
798;799;798;758;
839;799;798;799;
840;800;800;760;
801;802;801;761;
802;803;801;802;
803;804;802;803;
844;804;803;764;
845;806;805;805;
806;807;805;806;
807;808;806;807;
848;808;807;808;
849;810;809;809;
850;810;809;770;
851;811;811;771;
812;813;812;772;
853;814;812;813;
854;814;813;814;
815;816;815;775;
856;816;815;816;
857;818;817;817;
818;818;817;778;
819;819;819;779;
860;820;820;780;
861;822;821;821;
822;822;821;782;
823;824;823;783;
824;824;823;824;
825;826;825;785;
826;827;825;826;
827;828;826;827;
828;828;827;828;
869;829;829;789;
870;830;830;830;
871;832;831;791;
832;832;831;792;
873;833;833;793;
874;835;834;834;
835;836;834;835;
836;837;835;836;
837;838;836;797;
878;838;837;838;
879;839;839;799;
880;840;840;800;
881;842;841;841;
842;843;841;842;
883;843;842;843;
844;844;844;804;
885;845;845;805;
846;847;846;846;
847;848;846;847;
848;849;847;808;
849;849;848;809;
850;850;850;810;
851;852;851;811;
892;852;851;852;
853;853;853;813;
894;855;854;814;
895;855;854;855;
896;856;856;816;
857;858;857;817;
858;859;857;858;
859;860;858;859;
860;860;859;820;
901;862;861;821;
862;863;861;862;
863;864;862;863;
864;865;863;864;
905;865;864;865;
906;867;866;866;
867;868;866;867;
908;868;867;868;
909;869;869;829;
870;871;870;830;
871;872;870;831;
872;872;871;872;
913;873;873;833;
874;875;874;834;
915;875;874;875;
916;877;876;876;
917;877;876;877;
878;879;878;838;
879;879;878;839;
920;880;880;840;
921;881;881;841;
882;883;882;882;
883;884;882;843;
924;884;883;884;
925;885;885;845;
926;887;886;886;
887;888;886;887;
888;889;887;888;
929;889;888;889;
930;891;890;890;
891;892;890;891;
892;892;891;852;
933;894;893;893;
894;894;893;854;
895;895;895;855;
896;897;896;856;
937;898;896;897;
898;899;897;898;
899;900;898;899;
940;900;899;900;
901;901;901;861;
942;903;902;902;
943;903;902;903;
944;905;904;904;
945;905;904;865;
906;907;906;866;
947;907;906;907;
948;908;908;868;
949;909;909;869;
950;911;910;910;
951;912;910;911;
912;913;911;912;
913;913;912;873;
914;915;914;914;
915;916;914;875;
916;916;915;876;
917;918;917;877;
918;919;917;918;
959;919;918;919;
960;920;920;880;
921;922;921;881;
922;923;921;922;
963;923;922;923;
964;925;924;884;
925;925;924;885;
926;927;926;886;
967;927;926;927;
968;929;928;928;
929;929;928;889;
930;931;930;890;
931;932;930;931;
972;933;931;932;
933;933;932;893;
974;935;934;934;
935;936;934;935;
936;937;935;936;
937;937;936;897;
978;939;938;938;
979;939;938;939;
940;941;940;900;
941;942;940;941;
942;942;941;902;
943;944;943;903;
944;944;943;904;
985;945;945;905;
986;947;946;946;
947;947;946;907;
948;949;948;908;
949;949;948;909;
990;950;950;910;
951;951;951;911;
992;953;952;952;
953;954;952;953;
994;954;953;954;
995;956;955;955;
996;957;955;956;
997;957;956;957;
998;958;958;958;
999;959;959;919;
960;961;960;920;
961;962;960;961;
1002;962;961;962;
1003;963;963;923;
964;964;964;924;
1005;966;965;965;
1006;966;965;966;
1007;967;967;927;
968;969;968;928;
969;970;968;969;
1010;971;969;970;
971;971;970;971;
1012;972;972;932;
1013;974;973;973;
974;974;973;934;
1015;976;975;975;
1016;976;975;976;
1017;978;977;977;
978;978;977;938;
1019;980;979;939;
980;981;979;980;
1021;981;980;981;
1022;983;982;982;
1023;984;982;983;
984;984;983;984;
1025;985;985;945;
1026;986;986;946;
1027;987;987;987;
1028;989;988;988;
1029;989;988;989;
1030;991;990;950;
991;992;990;991;
992;992;991;952;
1033;993;993;993;
1034;994;994;954;
1035;995;995;955;
1036;996;996;956;
997;998;997;957;
998;998;997;958;
1039;999;999;959;
1000;1001;1000;1000;
1001;1002;1000;1001;
1002;1002;1001;962;
1043;1003;1003;963;
1044;1005;1004;1004;
1005;1005;1004;965;
1046;1006;1006;966;
1047;1007;1007;967;
1048;1009;1008;1008;
1009;1009;1008;1009;
1010;1011;1010;970;
1051;1011;1010;1011;
1052;1012;1012;972;
1053;1013;1013;973;
1014;1015;1014;1014;
1055;1015;1014;975;
1056;1016;1016;976;
1017;1018;1017;977;
1058;1018;1017;1018;
1059;1019;1019;979;
1020;1021;1020;1020;
1021;1021;1020;981;
1062;1022;1022;982;
1023;1024;1023;983;
1024;1025;1023;1024;
1025;1025;1024;985;
1066;1026;1026;986;
1067;1027;1027;987;
1068;1028;1028;988;
1029;1030;1029;989;
1030;1030;1029;990;
1071;1032;1031;1031;
1032;1033;1031;1032;
1033;1033;1032;993;
1074;1034;1034;994;
1075;1035;1035;995;
1036;1037;1036;996;
1037;1038;1036;1037;
1038;1039;1037;1038;
1039;1039;1038;999;
1080;1041;1040;1040;
1081;1041;1040;1041;
1082;1043;1042;1042;
1043;1043;1042;1003;
1084;1044;1044;1004;
1085;1045;1045;1045;
1046;1047;1046;1006;
1047;1047;1046;1007;
1048;1049;1048;1008;
1089;1050;1048;1049;
1090;1050;1049;1050;
1091;1051;1051;1011;
1092;1052;1052;1012;
1053;1054;1053;1013;
1094;1054;1053;1054;
1055;1055;1055;1015;
1056;1057;1056;1016;
1097;1058;1056;1057;
1058;1058;1057;1018;
1059;1060;1059;1019;
1060;1061;1059;1060;
1101;1061;1060;1061;
1102;1062;1062;1022;
1103;1064;1063;1063;
1064;1064;1063;1064;
1105;1066;1065;1065;
1066;1066;1065;1026;
1107;1068;1067;1027;
1068;1069;1067;1028;
1069;1070;1068;1069;
1070;1071;1069;1070;
1071;1071;1070;1031;
1112;1073;1072;1072;
1073;1074;1072;1073;
1074;1074;1073;1034;
1115;1075;1075;1035;
1076;1077;1076;1076;
1077;1078;1076;1077;
1118;1079;1077;1078;
1119;1079;1078;1079;
1120;1080;1080;1040;
1081;1082;1081;1041;
1082;1082;1081;1042;
1123;1084;1083;1083;
1084;1084;1083;1044;
1125;1086;1085;1045;
1086;1087;1085;1086;
1087;1088;1086;1087;
1088;1089;1087;1088;
1089;1089;1088;1049;
1130;1090;1090;1050;
1131;1091;1091;1051;
1132;1092;1092;1052;
1133;1093;1093;1093;
1094;1095;1094;1054;
1095;1096;1094;1095;
1136;1096;1095;1096;
1097;1098;1097;1057;
1098;1099;1097;1098;
1099;1100;1098;1099;
1100;1100;1099;1100;
1141;1101;1101;1061;
1142;1102;1102;1062;
1143;1104;1103;1063;
1144;1104;1103;1104;
1105;1106;1105;1065;
1146;1106;1105;1106;
1107;1108;1107;1067;
1148;1108;1107;1108;
1149;1110;1109;1109;
1110;1111;1109;1110;
1151;1111;1110;1111;
1112;1113;1112;1072;
1153;1113;1112;1113;
1154;1114;1114;1114;
1155;1115;1115;1075;
1156;1117;1116;1116;
1157;1117;1116;1117;
1118;1118;1118;1078;
1159;1119;1119;1079;
1160;1121;1120;1080;
1161;1121;1120;1121;
1162;1123;1122;1122;
1123;1123;1122;1083;
1124;1125;1124;1124;
1125;1126;1124;1085;
1166;1126;1125;1126;
1127;1128;1127;1127;
1128;1129;1127;1128;
1129;1130;1128;1129;
1170;1130;1129;1090;
1171;1131;1131;1091;
1172;1132;1132;1092;
1173;1134;1133;1093;
1134;1135;1133;1134;
1175;1135;1134;1135;
1136;1137;1136;1096;
1177;1137;1136;1137;
1178;1139;1138;1138;
1179;1139;1138;1139;
1180;1141;1140;1140;
1141;1141;1140;1101;
1182;1142;1142;1102;
1143;1143;1143;1103;
1184;1144;1144;1104;
1185;1146;1145;1145;
1146;1146;1145;1106;
1147;1148;1147;1147;
1148;1148;1147;1108;
1149;1150;1149;1109;
1190;1150;1149;1150;
1151;1152;1151;1111;
1152;1153;1151;1152;
1153;1153;1152;1113;
1194;1154;1154;1114;
1155;1156;1155;1115;
1156;1156;1155;1116;
1157;1158;1157;1117;
1158;1159;1157;1158;
1199;1159;1158;1119;
1200;1160;1160;1120;
1201;1161;1161;1121;
1162;1163;1162;1122;
1163;1164;1162;1163;
1164;1165;1163;1164;
1205;1165;1164;1165;
1206;1166;1166;1126;
1207;1168;1167;1167;
1168;1169;1167;1168;
1209;1169;1168;1169;
1210;1170;1170;1130;
1211;1171;1171;1131;
1212;1172;1172;1132;
1173;1174;1173;1133;
1214;1174;1173;1174;
1175;1176;1175;1135;
1216;1176;1175;1176;
1177;1178;1177;1137;
1178;1178;1177;1138;
1219;1179;1179;1139;
1180;1181;1180;1140;
1181;1182;1180;1181;
1182;1183;1181;1142;
1223;1183;1182;1183;
1224;1184;1184;1144;
1225;1185;1185;1145;
1226;1187;1186;1186;
1187;1188;1186;1187;
1188;1189;1187;1188;
1229;1189;1188;1189;
1230;1190;1190;1150;
1231;1192;1191;1191;
1192;1193;1191;1192;
1193;1194;1192;1193;
1194;1195;1193;1154;
1235;1195;1194;1195;
1236;1197;1196;1196;
1237;1198;1196;1197;
1198;1198;1197;1198;
1239;1199;1199;1159;
1240;1200;1200;1160;
1201;1202;1201;1161;
1242;1203;1201;1202;
1203;1204;1202;1203;
1244;1204;1203;1204;
1245;1205;1205;1165;
1206;1207;1206;1166;
1207;1207;1206;1167;
1248;1209;1208;1208;
1209;1209;1208;1169;
1210;1210;1210;1170;
1251;1211;1211;1171;
1212;1213;1212;1172;
1213;1214;1212;1213;
1214;1214;1213;1174;
1255;1215;1215;1215;
1216;1217;1216;1176;
1257;1217;1216;1217;
1258;1218;1218;1218;
1219;1220;1219;1179;
1220;1221;1219;1220;
1261;1221;1220;1221;
1262;1223;1222;1222;
1223;1224;1222;1183;
1224;1224;1223;1184;
1265;1225;1225;1185;
1266;1226;1226;1186;
1227;1228;1227;1227;
1268;1228;1227;1228;
1269;1229;1229;1189;
1270;1230;1230;1190;
1231;1231;1231;1191;
1272;1233;1232;1232;
1233;1234;1232;1233;
1234;1235;1233;1234;
1275;1235;1234;1195;
1276;1236;1236;1196;
1277;1237;1237;1197;
1278;1239;1238;1238;
1239;1239;1238;1199;
1280;1240;1240;1200;
1281;1241;1241;1241;
1242;1243;1242;1202;
1283;1243;1242;1243;
1284;1244;1244;1204;
1245;1246;1245;1205;
1246;1247;1245;1246;
1287;1247;1246;1247;
1288;1248;1248;1208;
1289;1250;1249;1249;
1290;1250;1249;1250;
1291;1252;1251;1211;
1252;1253;1251;1252;
1253;1254;1252;1253;
1254;1255;1253;1254;
1255;1256;1254;1215;
1296;1256;1255;1256;
1257;1258;1257;1217;
1258;1259;1257;1218;
1259;1260;1258;1259;
1300;1260;1259;1260;
1301;1261;1261;1221;
1302;1262;1262;1222;
1303;1263;1263;1263;
1304;1265;1264;1264;
1265;1265;1264;1225;
1266;1267;1266;1226;
1307;1267;1266;1267;
1308;1269;1268;1228;
1269;1269;1268;1229;
1270;1271;1270;1230;
1311;1271;1270;1271;
1312;1273;1272;1232;
1313;1273;1272;1273;
1274;1275;1274;1274;
1275;1275;1274;1235;
1316;1276;1276;1236;
1317;1277;1277;1237;
1318;1278;1278;1238;
1319;1279;1279;1279;
1280;1281;1280;1240;
1321;1282;1280;1241;
1282;1282;1281;1282;
1323;1283;1283;1243;
1324;1285;1284;1244;
1285;1285;1284;1285;
1326;1287;1286;1286;
1287;1287;1286;1247;
1328;1288;1288;1248;
1329;1289;1289;1249;
1290;1291;1290;1250;
1291;1291;1290;1251;
1332;1293;1292;1292;
1333;1293;1292;1293;
1294;1295;1294;1294;
1295;1296;1294;1295;
1296;1297;1295;1256;
1337;1298;1296;1297;
1298;1299;1297;1298;
1299;1299;1298;1299;
1340;1300;1300;1260;
1341;1301;1301;1261;
1302;1303;1302;1262;
1343;1303;1302;1263;
1344;1304;1304;1264;
1345;1306;1305;1305;
1306;1307;1305;1306;
1307;1307;1306;1267;
1308;1309;1308;1268;
1309;1310;1308;1309;
1310;1311;1309;1310;
1311;1311;1310;1271;
1312;1312;1312;1272;
1313;1314;1313;1273;
1354;1314;1313;1314;
1355;1316;1315;1315;
1316;1316;1315;1276;
1317;1318;1317;1277;
1318;1318;1317;1278;
1359;1319;1319;1279;
1360;1321;1320;1320;
1321;1321;1320;1281;
1362;1323;1322;1322;
1323;1323;1322;1283;
1324;1324;1324;1284;
1365;1326;1325;1325;
1326;1326;1325;1286;
1367;1328;1327;1327;
1328;1328;1327;1288;
1329;1330;1329;1289;
1330;1331;1329;1330;
1331;1332;1330;1331;
1332;1332;1331;1292;
1333;1334;1333;1293;
1334;1335;1333;1334;
1335;1336;1334;1335;
1376;1336;1335;1336;
1377;1337;1337;1297;
1378;1339;1338;1338;
1339;1340;1338;1339;
1340;1340;1339;1300;
1381;1341;1341;1301;
1382;1343;1342;1342;
1343;1343;1342;1303;
1344;1345;1344;1304;
1345;1345;1344;1305;
1386;1347;1346;1346;
1347;1348;1346;1347;
1348;1349;1347;1348;
1349;1350;1348;1349;
1390;1351;1349;1350;
1351;1352;1350;1351;
1392;1353;1351;1352;
1353;1354;1352;1353;
1354;1354;1353;1314;
1395;1355;1355;1315;
1356;1357;1356;1356;
1397;1358;1356;1357;
1358;1359;1357;1358;
1359;1359;1358;1319;
1360;1361;1360;1320;
1401;1361;1360;1361;
1362;1363;1362;1322;
1363;1364;1362;1363;
1364;1365;1363;1364;
1365;1365;1364;1325;
1406;1367;1366;1366;
1367;1368;1366;1327;
1408;1369;1367;1368;
1369;1369;1368;1369;
1410;1371;1370;1370;
1411;1372;1370;1371;
1372;1373;1371;1372;
1373;1374;1372;1373;
1414;1375;1373;1374;
1375;1375;1374;1375;
1416;1376;1376;1336;
1417;1377;1377;1337;
1418;1378;1378;1338;
1379;1380;1379;1379;
1420;1380;1379;1380;
1421;1381;1381;1341;
1422;1382;1382;1342;
1423;1384;1383;1383;
1384;1385;1383;1384;
1425;1385;1384;1385;
1426;1386;1386;1346;
1427;1388;1387;1387;
1388;1389;1387;1388;
1389;1390;1388;1389;
1390;1390;1389;1350;
1431;1392;1391;1391;
1392;1392;1391;1352;
1433;1394;1393;1393;
1434;1394;1393;1394;
1435;1395;1395;1355;
1436;1397;1396;1396;
1397;1397;1396;1357;
1438;1399;1398;1398;
1439;1399;1398;1399;
1440;1400;1400;1400;
1401;1402;1401;1361;
1402;1403;1401;1402;
1403;1404;1402;1403;
1444;1404;1403;1404;
1445;1405;1405;1405;
1406;1407;1406;1366;
1447;1407;1406;1407;
1408;1409;1408;1368;
1409;1410;1408;1409;
1410;1410;1409;1370;
1411;1412;1411;1371;
1452;1412;1411;1412;
1453;1413;1413;1413;
1454;1414;1414;1374;
1455;1416;1415;1415;
1416;1416;1415;1376;
1417;1417;1417;1377;
1418;1419;1418;1378;
1419;1420;1418;1419;
1460;1420;1419;1380;
1461;1421;1421;1381;
1462;1422;1422;1382;
1423;1424;1423;1383;
1464;1424;1423;1424;
1425;1426;1425;1385;
1426;1426;1425;1386;
1427;1428;1427;1387;
1428;1429;1427;1428;
1469;1430;1428;1429;
1470;1430;1429;1430;
1431;1431;1431;1391;
1472;1433;1432;1432;
1433;1433;1432;1393;
1434;1435;1434;1394;
1435;1435;1434;1395;
1436;1437;1436;1396;
1437;1438;1436;1437;
1438;1438;1437;1398;
1479;1439;1439;1399;
1480;1441;1440;1400;
1441;1441;1440;1441;
1482;1443;1442;1442;
1483;1443;1442;1443;
1484;1444;1444;1404;
1445;1446;1445;1405;
1446;1447;1445;1446;
1447;1447;1446;1407;
1488;1449;1448;1448;
1449;1450;1448;1449;
1450;1451;1449;1450;
1491;1451;1450;1451;
1492;1452;1452;1412;
1453;1454;1453;1413;
1494;1454;1453;1414;
1455;1456;1455;1415;
1456;1457;1455;1456;
1457;1458;1456;1457;
1498;1459;1457;1458;
1499;1459;1458;1459;
1500;1460;1460;1420;
1501;1461;1461;1421;
1462;1463;1462;1422;
1463;1463;1462;1463;
1464;1465;1464;1424;
1505;1465;1464;1465;
1506;1466;1466;1466;
1507;1468;1467;1467;
1508;1468;1467;1468;
1469;1469;1469;1429;
1510;1470;1470;1430;
1511;1472;1471;1471;
1472;1472;1471;1432;
1513;1474;1473;1473;
1474;1475;1473;1474;
1475;1476;1474;1475;
1476;1477;1475;1476;
1477;1478;1476;1477;
1478;1479;1477;1478;
1519;1479;1478;1439;
1520;1481;1480;1440;
1481;1482;1480;1481;
1482;1482;1481;1442;
1523;1483;1483;1443;
1524;1484;1484;1444;
1525;1486;1485;1485;
1486;1487;1485;1486;
1487;1488;1486;1487;
1488;1488;1487;1448;
1529;1489;1489;1489;
1530;1491;1490;1490;
1491;1491;1490;1451;
1492;1493;1492;1452;
1533;1493;1492;1493;
1494;1495;1494;1454;
1495;1496;1494;1495;
1496;1497;1495;1496;
1537;1497;1496;1497;
1538;1498;1498;1458;
1539;1499;1499;1459;
1540;1500;1500;1460;
1501;1502;1501;1461;
1502;1503;1501;1502;
1543;1504;1502;1503;
1504;1504;1503;1504;
1505;1506;1505;1465;
1546;1506;1505;1466;
1547;1507;1507;1467;
1508;1509;1508;1468;
1509;1510;1508;1509;
1510;1510;1509;1470;
1511;1512;1511;1471;
1552;1512;1511;1512;
1553;1513;1513;1473;
1554;1514;1514;1514;
1555;1516;1515;1515;
1516;1517;1515;1516;
1557;1518;1516;1517;
1518;1518;1517;1518;
1559;1519;1519;1479;
1560;1520;1520;1480;
1521;1522;1521;1521;
1562;1522;1521;1522;
1523;1524;1523;1483;
1524;1524;1523;1484;
1525;1526;1525;1485;
1526;1527;1525;1526;
1567;1527;1526;1527;
1568;1529;1528;1528;
1569;1529;1528;1489;
1530;1531;1530;1490;
1571;1531;1530;1531;
1572;1533;1532;1532;
1533;1533;1532;1493;
1574;1535;1534;1534;
1535;1536;1534;1535;
1536;1536;1535;1536;
1577;1537;1537;1497;
1578;1538;1538;1498;
1539;1539;1539;1499;
1540;1541;1540;1500;
1581;1541;1540;1541;
1582;1542;1542;1542;
1543;1544;1543;1503;
1544;1545;1543;1544;
1545;1546;1544;1545;
1546;1546;1545;1506;
1587;1547;1547;1507;
1588;1549;1548;1548;
1549;1550;1548;1549;
1550;1551;1549;1550;
1591;1551;1550;1551;
1552;1553;1552;1512;
1553;1553;1552;1513;
1594;1554;1554;1514;
1555;1556;1555;1515;
1596;1556;1555;1556;
1597;1557;1557;1517;
1598;1559;1558;1558;
1559;1559;1558;1519;
1560;1561;1560;1520;
1561;1562;1560;1561;
1562;1563;1561;1522;
1563;1564;1562;1563;
1564;1565;1563;1564;
1565;1566;1564;1565;
1566;1567;1565;1566;
1567;1567;1566;1527;
1568;1568;1568;1528;
1569;1570;1569;1529;
1570;1571;1569;1570;
1571;1572;1570;1531;
1572;1572;1571;1532;
1573;1574;1573;1573;
1574;1575;1573;1534;
1575;1576;1574;1575;
1576;1577;1575;1576;
1577;1577;1576;1537;
1578;1579;1578;1538;
1579;1580;1578;1579;
1580;1581;1579;1580;
1581;1582;1580;1541;
1582;1583;1581;1542;
1583;1584;1582;1583;
1584;1585;1583;1584;
1585;1586;1584;1585;
1586;1586;1585;1586;
1587;1588;1587;1547;
1588;1589;1587;1548;
1589;1590;1588;1589;
1590;1590;1589;1590;
1591;1592;1591;1551;
1592;1593;1591;1592;
1593;1594;1592;1593;
1594;1595;1593;1554;
1595;1596;1594;1595;
1596;1596;1595;1556;
1597;1598;1597;1557;
1598;1599;1597;1558;
1599;1599;1598;1599;
-1;-10;-10;-10;
-1;-1;-10;-10;
-10;-1;-1;-10;
-10;-1;-1;-10;
-1;-10;-1;-10;
-1;-1;-10;-10;
-1;-1;-1;-10;
-10;-10;-1;-10;
-1;-1;-10;-10;
-1;-1;-1;-10;
-10;-1;-1;-10;
-10;-1;-1;-10;
-1;-10;-1;-10;
-1;-1;-10;-10;
-10;-10;-1;-10;
-1;-1;-10;-10;
-10;-1;-1;-10;
-1;-1;-1;-10;
-1;-10;-1;-10;
-1;-1;-10;-10;
-10;-1;-1;-10;
-1;-10;-1;-10;
-10;-1;-10;-10;
-10;-1;-1;-10;
-1;-1;-1;-10;
-10;-1;-1;-10;
-10;-1;-1;-10;
-10;-1;-1;-10;
-1;-1;-1;-10;
-10;-1;-1;-10;
-1;-10;-1;-10;
-1;-1;-10;-10;
-1;-10;-1;-10;
-1;-1;-10;-10;
-1;-10;-1;-10;
-1;-1;-10;-10;
-1;-1;-1;-10;
-10;-1;-1;-10;
-10;-1;-1;-10;
-1;-10;-1;-10;
-1;-1;-10;-1;
-10;-10;-1;-1;
-1;-1;-10;-10;
-1;-10;-1;-10;
-10;-1;-10;-1;
-10;-10;-1;-1;
-10;-1;-10;-1;
-10;-1;-1;-10;
-10;-10;-1;-1;
-1;-10;-10;-1;
-1;-1;-10;-10;
-1;-10;-1;-10;
-1;-10;-10;-1;
-10;-1;-10;-1;
-1;-1;-1;-10;
-10;-10;-1;-1;
-1;-1;-10;-10;
-10;-10;-1;-1;
-10;-1;-10;-1;
-10;-10;-1;-1;
-1;-10;-10;-10;
-10;-1;-10;-1;
-10;-1;-1;-10;
-1;-10;-1;-10;
-10;-1;-10;-1;
-1;-10;-1;-10;
-1;-1;-10;-10;
-1;-10;-1;-10;
-10;-1;-10;-1;
-1;-10;-1;-10;
-10;-10;-10;-1;
-1;-10;-10;-1;
-10;-1;-10;-1;
-10;-10;-1;-1;
-10;-1;-10;-1;
-10;-10;-1;-1;
-10;-1;-10;-1;
-1;-10;-1;-10;
-10;-1;-10;-10;
-1;-10;-1;-1;
-1;-10;-10;-1;
-10;-1;-10;-10;
-1;-10;-1;-1;
-1;-10;-10;-1;
-1;-10;-10;-10;
-1;-1;-10;-10;
-10;-1;-1;-10;
-10;-1;-1;-10;
-10;-1;-1;-10;
-10;-10;-1;-1;
-1;-10;-10;-1;
-1;-10;-10;-1;
-10;-1;-10;-1;
-1;-10;-1;-10;
-10;-1;-10;-1;
-10;-10;-1;-10;
-1;-10;-10;-1;
-10;-1;-10;-10;
-1;-10;-1;-10;
-1;-1;-10;-10;
-10;-1;-1;-1;
-10;-1;-1;-10;
-10;-1;-1;-10;
-10;-10;-1;-1;
-1;-1;-10;-10;
-10;-10;-1;-1;
-1;-10;-10;-1;
-10;-1;-10;-1;
-1;-10;-1;-10;
-1;-1;-10;-1;
-10;-1;-1;-10;
-10;-10;-1;-1;
-1;-1;-10;-10;
-1;-1;-1;-10;
-10;-1;-1;-10;
-10;-1;-1;-10;
-1;-10;-1;-10;
-10;-1;-10;-1;
-1;-10;-1;-10;
-10;-10;-10;-1;
-1;-10;-10;-1;
-1;-1;-10;-10;
-10;-10;-1;-1;
-1;-10;-10;-1;
-1;-10;-10;-1;
-1;-10;-10;-1;
-1;-1;-10;-10;
-1;-10;-1;-10;
-1;-1;-10;-10;
-10;-10;-1;-10;
-1;-10;-10;-1;
-10;-1;-10;-1;
-1;-10;-1;-10;
-10;-1;-10;-1;
-10;-1;-1;-10;
-10;-1;-1;-10;
-10;-10;-1;-1;
-1;-1;-10;-10;
-10;-10;-1;-1;
-1;-10;-10;-1;
-1;-1;-10;-10;
-10;-1;-1;-10;
-1;-1;-1;-10;
-10;-10;-1;-10;
-1;-1;-10;-1;
-10;-10;-1;-10;
-10;-1;-10;-1;
-1;-10;-1;-10;
-1;-10;-10;-1;
-1;-10;-10;-1;
-1;-1;-10;-10;
-1;-10;-1;-10;
-1;-10;-10;-1;
-10;-1;-10;-1;
-10;-1;-1;-10;
-1;-10;-1;-10;
-1;-10;-10;-1;
-1;-10;-10;-10;
-10;-1;-10;-1;
-1;-10;-1;-10;
-1;-10;-10;-1;
-1;-10;-10;-1;
-10;-1;-10;-10;
-10;-1;-1;-1;
-10;-10;-1;-1;
-1;-10;-10;-1;
-1;-10;-10;-1;
-1;-10;-10;-1;
-1;-10;-10;-1;
-1;-1;-10;-10;
-10;-10;-1;-1;
-1;-1;-10;-10;
-10;-1;-1;-1;
-10;-1;-1;-10;
-10;-10;-1;-10;
-1;-1;-10;-10;
-10;-1;-1;-10;
-10;-1;-1;-1;
-1;-10;-1;-10;
-1;-10;-10;-1;
-1;-10;-10;-1;
-1;-1;-10;-10;
-10;-10;-1;-1;
-1;-1;-10;-10;
-10;-10;-1;-1;
-1;-1;-10;-10;
-10;-1;-1;-10;
-10;-10;-1;-1;
-1;-10;-10;-1;
-10;-1;-10;-1;
-10;-10;-1;-1;
-1;-10;-10;-1;
-10;-10;-10;-1;
-1;-1;-10;-10;
-10;-1;-1;-10;
-10;-10;-1;-1;
-1;-10;-10;-1;
-1;-1;-10;-1;
-10;-10;-1;-10;
-1;-10;-10;-1;
-1;-10;-10;-1;
-1;-10;-10;-1;
-1;-1;-10;-10;
-10;-1;-1;-10;
-1;-10;-1;-10;
-10;-1;-10;-1;
-10;-10;-1;-1;
-1;-10;-10;-1;
-1;-10;-10;-1;
-10;-1;-10;-1;
-1;-10;-1;-10;
-10;-1;-10;-1;
-10;-1;-1;-10;
-10;-1;-1;-10;
-10;-1;-1;-10;
-10;-10;-1;-1;
-1;-1;-10;-10;
-1;-1;-1;-10;
-10;-10;-1;-1;
-1;-10;-10;-1;
-10;-10;-10;-1;
-10;-1;-10;-1;
-1;-10;-1;-10;
-1;-1;-10;-1;
-10;-10;-1;-10;
-10;-1;-10;-1;
-1;-10;-1;-10;
-1;-10;-10;-10;
-10;-1;-10;-1;
-1;-10;-1;-10;
-1;-1;-10;-10;
-10;-10;-1;-1;
-1;-1;-10;-10;
-10;-10;-1;-1;
-10;-1;-10;-10;
-1;-10;-1;-10;
-1;-10;-10;-1;
-10;-1;-10;-1;
-1;-10;-1;-10;
-1;-10;-10;-1;
-10;-1;-10;-1;
-1;-10;-1;-1;
-1;-10;-10;-1;
-1;-10;-10;-10;
-10;-1;-10;-1;
-10;-1;-1;-10;
-10;-1;-1;-10;
-10;-10;-1;-1;
-1;-1;-10;-1;
-10;-10;-1;-10;
-10;-1;-10;-1;
-10;-1;-1;-10;
-1;-1;-1;-10;
-10;-1;-1;-10;
-10;-10;-1;-10;
-1;-1;-10;-10;
-10;-10;-1;-1;
-1;-10;-10;-1;
-1;-1;-10;-10;
-10;-10;-1;-1;
-1;-1;-10;-10;
-10;-1;-1;-10;
-10;-10;-1;-1;
-1;-10;-10;-1;
-1;-1;-10;-10;
-10;-1;-1;-10;
-10;-10;-1;-1;
-10;-1;-10;-1;
-1;-10;-1;-10;
-1;-10;-10;-1;
-10;-1;-10;-1;
-10;-1;-1;-10;
-10;-10;-1;-1;
-1;-1;-10;-10;
-10;-1;-1;-10;
-1;-10;-1;-1;
-10;-1;-10;-1;
-10;-1;-1;-10;
-1;-10;-1;-1;
-1;-10;-10;-1;
-10;-1;-10;-10;
-10;-10;-1;-1;
-1;-10;-10;-1;
-10;-1;-10;-1;
-1;-1;-1;-10;
-1;-1;-1;-10;
-1;-10;-1;-10;
-1;-1;-10;-10;
-10;-1;-1;-1;
-10;-1;-1;-10;
-10;-1;-1;-10;
-10;-1;-1;-10;
-10;-10;-1;-1;
-1;-1;-10;-10;
-1;-10;-1;-10;
-10;-1;-10;-1;
-1;-10;-1;-10;
-1;-10;-10;-1;
-1;-10;-10;-1;
-10;-1;-10;-10;
-1;-10;-1;-1;
-1;-1;-10;-10;
-1;-10;-1;-10;
-1;-10;-10;-1;
-1;-10;-10;-1;
-1;-1;-10;-10;
-10;-1;-1;-10;
-1;-10;-1;-10;
-1;-10;-10;-1;
-1;-10;-10;-1;
-1;-1;-10;-10;
-10;-1;-1;-10;
-10;-1;-1;-10;
-10;-10;-1;-1;
-1;-10;-10;-10;
-1;-10;-10;-1;
-1;-10;-10;-10;
-1;-1;-10;-10;
-10;-10;-1;-1;
-1;-10;-10;-1;
-1;-1;-10;-10;
-1;-10;-1;-10;
-10;-1;-10;-1;
-1;-10;-1;-10;
-1;-10;-10;-1;
-1;-10;-10;-1;
-10;-10;-10;-1;
-10;-1;-10;-1;
-10;-1;-1;-10;
-1;-10;-1;-10;
-1;-1;-10;-10;
-1;-10;-1;-10;
-1;-1;-10;-10;
-10;-10;-1;-1;
-1;-1;-10;-1;
-10;-1;-1;-10;
-10;-10;-1;-1;
-10;-10;-10;-1;
-10;-1;-10;-1;
-1;-10;-1;-10;
-1;-1;-10;-1;
-10;-10;-1;-1;
-10;-1;-10;-1;
-10;-10;-1;-1;
-10;-1;-10;-1;
-10;-1;-1;-1;
-10;-10;-1;-10;
-1;-10;-10;-1;
-10;-1;-10;-1;
-1;-10;-1;-1;
-10;-1;-10;-1;
-10;-1;-1;-10;
-1;-10;-1;-10;
-10;-1;-10;-10;
-10;-1;-1;-1;
-10;-1;-1;-1;
-10;-10;-1;-1;
-10;-1;-10;-1;
-1;-10;-1;-10;
-1;-10;-10;-1;
-1;-10;-10;-1;
-1;-10;-10;-1;
-1;-1;-10;-10;
-10;-10;-1;-1;
-10;-10;-10;-1;
-1;-10;-10;-1;
-1;-1;-10;-10;
-10;-1;-1;-10;
-10;-1;-1;-10;
-10;-10;-1;-1;
-1;-10;-10;-1;
-10;-1;-10;-1;
-10;-10;-1;-1;
-1;-1;-10;-10;
-10;-10;-1;-1;
-1;-1;-10;-10;
-10;-1;-1;-10;
-1;-10;-1;-10;
-1;-1;-10;-10;
-10;-10;-1;-1;
-1;-10;-10;-1;
-1;-1;-10;-10;
-1;-10;-1;-10;
-10;-1;-10;-10;
-1;-10;-1;-10;
-1;-1;-10;-10;
-1;-10;-1;-10;
-1;-1;-10;-1;
-1;-10;-1;-10;
-10;-1;-10;-1;
-10;-1;-1;-10;
-1;-10;-1;-10;
-1;-10;-10;-1;
-1;-1;-10;-10;
-10;-1;-1;-10;
-10;-1;-1;-10;
-1;-10;-1;-10;
-1;-1;-10;-10;
-10;-10;-1;-1;
-1;-10;-10;-1;
-1;-10;-10;-1;
-10;-1;-10;-1;
-10;-10;-1;-1;
-1;-1;-10;-10;
-1;-10;-1;-10;
-1;-1;-10;-1;
-10;-1;-1;-1;
-10;-10;-1;-10;
-1;-1;-10;-10;
-10;-1;-1;-10;
-10;-10;-1;-1;
-1;-10;-10;-10;
-1;-1;-10;-10;
-10;-1;-1;-1;
-10;-10;-1;-10;
-1;-10;-10;-1;
-1;-1;-10;-10;
-10;-10;-1;-1;
-1;-10;-10;-1;
-10;-1;-10;-10;
-10;-1;-1;-1;
-10;-10;-1;-1;
-1;-10;-10;-1;
-1;-1;-10;-10;
-1;-10;-1;-1;
-1;-10;-10;-1;
-1;-10;-10;-1;
-10;-10;-10;-1;
-1;-10;-10;-1;
-1;-1;-10;-10;
-1;-10;-1;-10;
-1;-10;-10;-1;
-1;-1;-10;-1;
-10;-1;-1;-1;
-10;-1;-1;-10;
-10;-10;-1;-10;
-10;-1;-10;-1;
-10;-1;-1;-1;
-10;-10;-1;-10;
-1;-10;-10;-1;
-1;-10;-10;-1;
-1;-1;-10;-10;
-1;-10;-1;-10;
-1;-10;-10;-1;
-1;-10;-10;-1;
-10;-10;-10;-1;
-1;-1;-10;-10;
-10;-1;-1;-10;
-10;-10;-1;-1;
-1;-10;-10;-10;
-1;-1;-10;-10;
-10;-1;-1;-1;
-10;-10;-1;-1;
-1;-1;-10;-10;
-1;-10;-1;-10;
-1;-10;-10;-1;
-10;-1;-10;-1;
-10;-1;-1;-10;
-10;-1;-1;-1;
-1;-10;-1;-10;
-10;-1;-10;-10;
-10;-1;-1;-10;
-10;-1;-1;-1;
-10;-10;-1;-1;
-10;-10;-10;-1;
-1;-10;-10;-1;
-10;-1;-10;-1;
-10;-1;-1;-10;
-10;-10;-1;-1;
-1;-10;-10;-1;
-1;-10;-10;-1;
-1;-10;-10;-1;
-10;-10;-10;-1;
-1;-1;-10;-10;
-10;-1;-1;-10;
-1;-10;-1;-10;
-1;-1;-10;-10;
-1;-10;-1;-10;
-1;-1;-10;-10;
-10;-10;-1;-1;
-1;-1;-10;-1;
-10;-10;-1;-1;
-10;-1;-10;-1;
-10;-10;-1;-1;
-10;-1;-10;-1;
-1;-10;-1;-10;
-10;-1;-10;-1;
-1;-10;-1;-10;
-1;-1;-10;-10;
-10;-10;-1;-1;
-1;-10;-10;-1;
-1;-1;-10;-10;
-10;-1;-1;-10;
-10;-10;-1;-1;
-10;-1;-10;-1;
-10;-10;-1;-1;
-1;-1;-10;-10;
-1;-10;-1;-10;
-10;-1;-10;-10;
-10;-1;-1;-1;
-10;-1;-1;-10;
-10;-1;-1;-10;
-10;-1;-1;-10;
-10;-1;-1;-10;
-10;-1;-1;-10;
-10;-10;-1;-1;
-1;-1;-10;-10;
-10;-1;-1;-10;
-1;-10;-1;-10;
-1;-10;-10;-1;
-10;-1;-10;-1;
-10;-1;-1;-1;
-10;-1;-1;-10;
-10;-10;-1;-1;
-1;-10;-10;-10;
-10;-1;-10;-1;
-10;-10;-1;-1;
-1;-10;-10;-1;
-1;-1;-10;-1;
-1;-10;-1;-10;
-10;-1;-10;-1;
-10;-10;-1;-10;
-1;-1;-10;-10;
-10;-1;-1;-10;
-1;-10;-1;-10;
-10;-1;-10;-1;
-1;-10;-1;-10;
-1;-10;-10;-1;
-1;-10;-10;-1;
-1;-1;-10;-10;
-10;-10;-1;-1;
-1;-10;-10;-1;
-10;-1;-10;-10;
-1;-1;-1;-10;
-1;-10;-1;-10;
-1;-10;-10;-10;
-1;-10;-10;-1;
-10;-1;-10;-1;
-10;-1;-1;-10;
-10;-1;-1;-10;
-10;-1;-1;-10;
-10;-1;-1;-10;
-10;-1;-1;-10;
-1;-10;-1;-10;
-10;-1;-10;-10;
-10;-1;-1;-10;
-10;-1;-1;-1;
-1;-10;-1;-10;
-10;-1;-10;-1;
-10;-10;-1;-1;
-1;-1;-10;-10;
-1;-10;-1;-10;
-10;-1;-10;-10;
-10;-1;-1;-10;
-10;-1;-1;-1;
-1;-1;-1;-10;
-10;-1;-1;-10;
-10;-10;-1;-1;
-10;-10;-10;-1;
-1;-10;-10;-1;
-1;-1;-10;-10;
-10;-1;-1;-10;
-10;-10;-1;-1;
-1;-10;-10;-10;
-1;-10;-10;-1;
-1;-1;-10;-10;
-10;-10;-1;-1;
-1;-10;-10;-1;
-1;-1;-10;-1;
-10;-10;-1;-1;
-1;-1;-10;-10;
-10;-1;-1;-1;
-10;-1;-1;-10;
-10;-10;-1;-1;
-10;-1;-10;-1;
-10;-10;-1;-1;
-10;-1;-10;-1;
-1;-10;-1;-10;
-1;-1;-10;-10;
-10;-1;-1;-10;
-1;-10;-1;-10;
-1;-1;-10;-10;
-1;-10;-1;-10;
-10;-1;-10;-1;
-1;-10;-1;-10;
-1;-1;-10;-10;
-1;-10;-1;-10;
-10;-10;-10;-1;
-1;-1;-10;-10;
-10;-1;-1;-10;
-10;-10;-1;-1;
-10;-1;-10;-1;
-1;-10;-1;-10;
-1;-1;-10;-10;
-1;-10;-1;-10;
-10;-1;-10;-1;
-10;-1;-1;-10;
-10;-1;-1;-10;
-1;-10;-1;-10;
-1;-10;-10;-1;
-1;-10;-10;-1;
-1;-1;-10;-10;
-1;-10;-1;-10;
-1;-1;-10;-1;
-10;-10;-1;-1;
-10;-1;-10;-1;
-1;-10;-1;-10;
-1;-10;-10;-1;
-1;-10;-10;-1;
-1;-1;-10;-10;
-10;-1;-1;-1;
-10;-10;-1;-10;
-1;-1;-10;-10;
-10;-1;-1;-10;
-1;-10;-1;-10;
-1;-1;-10;-10;
-10;-1;-1;-10;
-10;-10;-1;-1;
-1;-1;-10;-1;
-10;-10;-1;-10;
-1;-10;-10;-1;
-1;-10;-10;-1;
-10;-1;-10;-1;
-1;-10;-1;-10;
-10;-1;-10;-1;
-10;-10;-1;-1;
-1;-10;-10;-1;
-1;-1;-10;-10;
-10;-10;-1;-1;
-1;-1;-10;-10;
-1;-1;-1;-10;
-1;-10;-1;-10;
-10;-1;-10;-1;
-10;-10;-1;-1;
-1;-10;-10;-1;
-1;-1;-10;-10;
-10;-1;-1;-10;
-1;-10;-1;-10;
-10;-1;-10;-1;
-1;-10;-1;-1;
-1;-1;-10;-1;
-10;-10;-1;-1;
-1;-10;-10;-1;
-10;-1;-10;-1;
-10;-1;-1;-10;
-10;-1;-1;-10;
-10;-10;-1;-1;
-1;-10;-10;-1;
-10;-10;-10;-1;
-1;-10;-10;-1;
-1;-1;-10;-10;
-10;-1;-1;-10;
-10;-10;-1;-1;
-1;-1;-10;-10;
-10;-10;-1;-1;
-10;-1;-10;-1;
-1;-10;-1;-10;
-1;-1;-10;-10;
-10;-10;-1;-1;
-1;-1;-10;-10;
-1;-10;-1;-1;
-10;-1;-10;-1;
-10;-10;-1;-10;
-10;-1;-10;-1;
-1;-1;-1;-10;
-10;-10;-1;-10;
-1;-10;-10;-1;
-1;-10;-10;-1;
-10;-1;-10;-10;
-10;-10;-1;-1;
-1;-10;-10;-1;
-1;-10;-10;-1;
-1;-1;-10;-10;
-10;-10;-1;-10;
-1;-10;-10;-1;
-1;-10;-10;-1;
-1;-10;-10;-10;
-10;-1;-10;-1;
-1;-10;-1;-10;
-1;-10;-10;-1;
-1;-10;-10;-1;
-1;-10;-10;-10;
-10;-1;-10;-1;
-1;-10;-1;-10;
-1;-10;-10;-10;
-1;-1;-10;-10;
-10;-1;-1;-10;
-10;-1;-1;-1;
-10;-1;-1;-10;
-10;-10;-1;-1;
-10;-1;-10;-1;
-1;-10;-1;-10;
-1;-1;-10;-10;
-10;-10;-1;-1;
-1;-1;-10;-10;
-10;-1;-1;-10;
-10;-10;-1;-1;
-1;-10;-10;-1;
-1;-1;-10;-10;
-10;-10;-1;-1;
-1;-10;-10;-1;
-1;-1;-10;-10;
-10;-1;-1;-10;
-1;-10;-1;-10;
-10;-1;-10;-1;
-1;-10;-1;-10;
-10;-1;-10;-1;
-10;-10;-1;-1;
-1;-1;-10;-10;
-10;-1;-1;-10;
-10;-10;-1;-1;
-10;-1;-10;-1;
-10;-10;-1;-1;
-1;-1;-10;-10;
-10;-10;-1;-1;
-1;-1;-10;-1;
-10;-1;-1;-1;
-10;-10;-1;-10;
-10;-1;-10;-1;
-1;-10;-1;-1;
-1;-1;-10;-1;
-10;-10;-1;-1;
-1;-1;-10;-10;
-1;-10;-1;-1;
-10;-1;-10;-1;
-10;-1;-1;-1;
-10;-10;-1;-10;
-1;-1;-10;-10;
-10;-1;-1;-10;
-1;-1;-1;-10;
-10;-10;-1;-10;
-1;-10;-10;-1;
-10;-1;-10;-1;
-1;-10;-1;-10;
-10;-1;-10;-1;
-10;-1;-1;-10;
-10;-1;-1;-10;
-10;-10;-1;-1;
-1;-10;-10;-1;
-1;-1;-10;-10;
-10;-10;-1;-1;
-1;-10;-10;-1;
-1;-10;-10;-10;
-10;-1;-10;-1;
-1;-10;-1;-10;
-10;-1;-10;-1;
-1;-1;-1;-10;
-10;-1;-1;-10;
-10;-1;-1;-1;
-1;-10;-1;-10;
-1;-1;-10;-10;
-10;-1;-1;-10;
-10;-1;-1;-10;
-10;-10;-1;-1;
-10;-1;-10;-10;
-10;-10;-1;-1;
-1;-1;-10;-10;
-10;-1;-1;-10;
-1;-10;-1;-10;
-10;-10;-10;-1;
-1;-10;-10;-1;
-1;-1;-10;-10;
-10;-10;-1;-1;
-10;-10;-10;-1;
-1;-1;-10;-10;
-10;-1;-1;-10;
-10;-1;-1;-10;
-10;-1;-1;-1;
-10;-10;-1;-10;
-10;-1;-10;-1;
-1;-10;-1;-10;
-1;-10;-10;-1;
-1;-10;-10;-10;
-10;-1;-10;-1;
-10;-1;-1;-10;
-1;-1;-1;-10;
-10;-1;-1;-10;
-10;-10;-1;-10;
-1;-10;-10;-1;
-1;-10;-10;-1;
-1;-1;-10;-10;
-10;-10;-1;-1;
-1;-1;-10;-1;
-1;-10;-1;-10;
-10;-1;-10;-1;
-1;-10;-1;-10;
-10;-1;-10;-1;
-10;-1;-1;-10;
-10;-10;-1;-10;
-1;-1;-10;-1;
-10;-10;-1;-1;
-1;-10;-10;-10;
-1;-1;-10;-10;
-1;-1;-1;-10;
-10;-1;-1;-10;
-10;-1;-1;-10;
-10;-10;-1;-1;
-1;-10;-10;-10;
-10;-1;-10;-1;
-1;-10;-1;-10;
-1;-10;-10;-1;
-10;-1;-10;-1;
-10;-1;-1;-10;
-10;-1;-1;-10;
-1;-10;-1;-1;
-1;-1;-10;-10;
-10;-1;-1;-10;
-10;-1;-1;-10;
-1;-10;-1;-10;
-1;-1;-10;-10;
-1;-10;-1;-1;
-1;-10;-10;-1;
-10;-1;-10;-1;
-1;-1;-1;-10;
-1;-10;-1;-10;
-10;-1;-10;-1;
-1;-10;-1;-10;
-1;-1;-10;-10;
-10;-10;-1;-1;
-10;-10;-10;-1;
-1;-10;-10;-1;
-1;-1;-10;-10;
-10;-10;-1;-1;
-10;-1;-10;-1;
-10;-10;-1;-10;
-10;-1;-10;-1;
-10;-1;-1;-10;
-10;-1;-1;-10;
-10;-10;-1;-10;
-1;-10;-10;-1;
-1;-10;-10;-10;
-1;-1;-10;-1;
-10;-10;-1;-1;
-1;-10;-10;-1;
-1;-1;-10;-10;
-10;-1;-1;-10;
-10;-1;-1;-10;
-10;-1;-1;-1;
-1;-10;-1;-10;
-1;-10;-10;-1;
-1;-10;-10;-1;
-1;-1;-10;-10;
-10;-1;-1;-10;
-1;-10;-1;-10;
-10;-10;-10;-1;
-1;-10;-10;-1;
-10;-1;-10;-10;
-10;-1;-1;-10;
-10;-1;-1;-1;
-10;-10;-1;-1;
-10;-10;-10;-1;
-10;-1;-10;-1;
-1;-10;-1;-10;
-10;-10;-10;-1;
-1;-1;-10;-1;
-1;-10;-1;-10;
-1;-10;-10;-1;
-10;-1;-10;-1;
-10;-1;-1;-10;
-10;-1;-1;-10;
-10;-10;-1;-1;
-1;-1;-10;-1;
-10;-1;-1;-10;
-10;-1;-1;-10;
-10;-1;-1;-10;
-1;-10;-1;-10;
-1;-1;-10;-10;
-10;-1;-1;-10;
-1;-10;-1;-10;
-1;-10;-10;-1;
-10;-1;-10;-1;
-10;-1;-1;-1;
-10;-10;-1;-10;
-1;-10;-10;-1;
-10;-1;-10;-1;
-1;-10;-1;-10;
-1;-1;-10;-10;
-1;-10;-1;-10;
-10;-1;-10;-1;
-10;-10;-1;-1;
-1;-10;-10;-1;
-1;-10;-10;-1;
-10;-1;-10;-10;
-10;-1;-1;-1;
-1;-10;-1;-10;
-1;-10;-10;-1;
-1;-1;-10;-10;
-10;-1;-1;-10;
-10;-1;-1;-10;
-1;-10;-1;-10;
-1;-1;-10;-10;
-10;-1;-1;-10;
-10;-10;-1;-1;
-1;-1;-10;-10;
-10;-10;-1;-1;
-10;-10;-10;-1;
-10;-1;-10;-1;
-1;-1;-1;-10;
-10;-1;-1;-10;
-10;-1;-1;-10;
-1;-10;-1;-10;
-10;-10;-10;-1;
-1;-1;-10;-10;
-1;-10;-1;-10;
-1;-1;-10;-10;
-1;-10;-1;-1;
-10;-1;-10;-1;
-1;-10;-1;-10;
-1;-10;-10;-1;
-1;-10;-10;-1;
-1;-1;-10;-10;
-1;-1;-1;-10;
-10;-1;-1;-10;
-10;-10;-1;-1;
-10;-1;-10;-10;
-10;-1;-1;-1;
-10;-10;-1;-1;
-10;-1;-10;-1;
-10;-1;-1;-10;
-1;-10;-1;-10;
-1;-10;-10;-1;
-10;-1;-10;-1;
-10;-1;-1;-10;
-1;-10;-1;-10;
-1;-1;-10;-1;
-10;-10;-1;-1;
-10;-1;-10;-1;
-1;-10;-1;-10;
-1;-1;-10;-10;
-10;-10;-1;-1;
-10;-1;-10;-1;
-10;-1;-1;-10;
-1;-1;-1;-10;
-10;-10;-1;-1;
-1;-1;-10;-10;
-10;-1;-1;-10;
-10;-1;-1;-10;
-10;-10;-1;-1;
-1;-1;-10;-10;
-1;-10;-1;-10;
-10;-1;-10;-1;
-10;-1;-1;-10;
-10;-10;-1;-1;
-10;-1;-10;-1;
-10;-10;-1;-1;
-1;-10;-10;-1;
-1;-1;-10;-10;
-10;-10;-1;-1;
-10;-1;-10;-1;
-10;-10;-1;-1;
-1;-10;-10;-1;
-10;-10;-10;-1;
-1;-1;-10;-10;
-10;-1;-1;-10;
-1;-10;-1;-10;
-1;-1;-10;-10;
-1;-1;-1;-10;
-1;-10;-1;-10;
-1;-10;-10;-10;
-1;-10;-10;-1;
-10;-1;-10;-1;
-10;-1;-1;-10;
-1;-10;-1;-10;
-1;-10;-10;-1;
-10;-10;-10;-1;
-1;-1;-10;-10;
-1;-10;-1;-10;
-1;-10;-10;-1;
-10;-1;-10;-1;
-10;-1;-1;-10;
-1;-1;-1;-10;
-10;-10;-1;-10;
-1;-10;-10;-1;
-1;-1;-10;-10;
-10;-10;-1;-1;
-1;-1;-10;-10;
-1;-10;-1;-10;
-1;-1;-10;-10;
-10;-10;-1;-1;
-1;-1;-10;-1;
-10;-1;-1;-10;
-1;-10;-1;-10;
-1;-1;-10;-10;
-1;-1;-1;-10;
-10;-10;-1;-10;
-1;-10;-10;-1;
-1;-10;-10;-1;
-1;-10;-10;-10;
-1;-1;-10;-10;
-1;-10;-1;-10;
-1;-1;-10;-1;
-10;-1;-1;-10;
-10;-10;-1;-1;
-1;-10;-10;-10;
-1;-10;-10;-1;
-1;-10;-10;-1;
-1;-10;-10;-1;
-10;-1;-10;-1;
-10;-10;-1;-1;
-1;-10;-10;-1;
-10;-1;-10;-10;
-10;-1;-1;-10;
-10;-10;-1;-1;
-1;-10;-10;-1;
-1;-1;-10;-10;
-10;-10;-1;-1;
-1;-10;-10;-1;
-1;-10;-10;-1;
-1;-1;-10;-10;
-10;-10;-1;-10;
-10;-1;-10;-1;
-1;-10;-1;-10;
-1;-10;-10;-1;
-1;-10;-10;-1;
-10;-1;-10;-10;
-1;-10;-1;-1;
-1;-10;-10;-1;
-10;-1;-10;-1;
-1;-10;-1;-10;
-1;-10;-10;-1;
-10;-1;-10;-10;
-10;-10;-1;-1;
-1;-10;-10;-1;
-10;-1;-10;-1;
-10;-1;-1;-10;
-10;-10;-1;-1;
-1;-10;-10;-1;
-1;-10;-10;-1;
-1;-10;-10;-1;
-10;-1;-10;-1;
-10;-10;-1;-1;
-1;-1;-10;-10;
-10;-1;-1;-10;
-10;-10;-1;-1;
-1;-10;-10;-1;
-1;-10;-10;-1;
-10;-1;-10;-1;
-10;-1;-1;-10;
-10;-1;-1;-10;
-10;-10;-1;-1;
-1;-1;-10;-10;
-1;-10;-1;-10;
-1;-1;-10;-10;
-10;-10;-1;-1;
-1;-10;-10;-1;
-1;-10;-10;-10;
-10;-1;-10;-1;
-10;-10;-1;-1;
-10;-1;-10;-1;
-1;-1;-1;-10;
-1;-10;-1;-10;
-1;-10;-10;-1;
-1;-10;-10;-1;
-10;-1;-10;-1;
-1;-10;-1;-10;
-10;-10;-10;-1;
-10;-1;-10;-1;
-1;-1;-1;-10;
-10;-10;-1;-1;
-10;-1;-10;-1;
-10;-1;-1;-10;
-1;-10;-1;-10;
-1;-10;-10;-1;
-1;-1;-10;-10;
-10;-10;-1;-10;
-1;-1;-10;-10;
-10;-10;-1;-1;
-1;-1;-10;-1;
-10;-1;-1;-1;
-10;-1;-1;-10;
-10;-1;-1;-10;
-10;-10;-1;-1;
-1;-1;-10;-10;
-10;-1;-1;-10;
-10;-10;-1;-1;
-1;-10;-10;-1;
-10;-1;-10;-10;
-10;-1;-1;-10;
-1;-1;-1;-10;
-1;-10;-1;-10;
-1;-10;-10;-1;
-10;-1;-10;-1;
-10;-10;-1;-1;
-1;-1;-10;-10;
-10;-10;-1;-1;
-1;-1;-10;-1;
-10;-1;-1;-10;
-10;-1;-1;-10;
-10;-1;-1;-10;
-10;-10;-1;-1;
-1;-10;-10;-1;
-1;-10;-10;-1;
-1;-10;-10;-1;
-1;-10;-10;-10;
-10;-1;-10;-1;
-10;-1;-1;-10;
-1;-10;-1;-10;
-10;-1;-10;-1;
-10;-1;-1;-10;
-10;-1;-1;-10;
-10;-10;-1;-10;
-1;-10;-10;-1;
-1;-10;-10;-1;
-1;-1;-10;-1;
-1;-10;-1;-10;
-10;-1;-10;-1;
-1;-10;-1;-10;
-10;-1;-10;-1;
-1;-10;-1;-10;
-1;-1;-10;-10;
-10;-1;-1;-10;
-1;-10;-1;-10;
-10;-1;-10;-1;
-1;-10;-1;-10;
-1;-10;-10;-10;
-1;-10;-10;-1;
-1;-1;-10;-10;
-1;-10;-1;-10;
-10;-10;-10;-1;
-1;-10;-10;-1;
-1;-1;-10;-1;
-1;-10;-1;-10;
-1;-1;-10;-10;
-10;-10;-1;-1;
-10;-1;-10;-10;
-10;-1;-1;-1;
-1;-10;-1;-10;
-10;-1;-10;-10;
-10;-1;-1;-10;
-10;-1;-1;-10;
-1;-10;-1;-1;
-1;-10;-10;-1;
-1;-10;-10;-1;
-1;-1;-10;-1;
-10;-1;-1;-10;
-1;-10;-1;-10;
-10;-1;-10;-1;
-1;-10;-1;-10;
-1;-1;-10;-10;
-1;-10;-1;-10;
-1;-1;-10;-10;
-10;-10;-1;-1;
-1;-10;-10;-1;
-10;-10;-10;-1;
-1;-10;-10;-1;
-1;-1;-10;-10;
-10;-10;-1;-1;
-10;-1;-10;-10;
-10;-10;-1;-1;
-10;-1;-10;-1;
-1;-10;-1;-10;
-10;-1;-10;-1;
-10;-1;-1;-10;
-10;-10;-1;-1;
-1;-10;-10;-1;
-10;-1;-10;-1;
-10;-10;-1;-1;
-10;-1;-10;-1;
-10;-1;-1;-10;
-1;-10;-1;-1;
-1;-10;-10;-1;
-1;-10;-10;-1;
-10;-1;-10;-1;
-10;-1;-1;-10;
-10;-1;-1;-10;
-1;-10;-1;-10;
-1;-10;-10;-1;
-1;-1;-10;-10;
-10;-1;-1;-10;
-1;-10;-1;-10;
-1;-10;-10;-1;
-1;-10;-10;-1;
-1;-10;-10;-1;
-10;-1;-10;-1;
-1;-10;-1;-10;
-10;-1;-10;-1;
-1;-10;-1;-10;
-10;-1;-10;-1;
-10;-10;-1;-1;
-1;-10;-10;-1;
-10;-1;-10;-1;
-10;-1;-1;-10;
-10;-1;-1;-1;
-1;-10;-1;-10;
-1;-10;-10;-1;
-1;-10;-10;-1;
-1;-1;-10;-10;
-10;-1;-1;-10;
-10;-1;-1;-10;
-1;-10;-1;-10;
-1;-10;-10;-1;
-1;-1;-10;-10;
-10;-1;-1;-10;
-10;-1;-1;-10;
-10;-1;-1;-1;
-1;-10;-1;-10;
-1;-1;-10;-10;
-1;-1;-1;-10;
-10;-10;-1;-10;
-1;-10;-10;-1;
-1;-10;-10;-1;
-10;-1;-10;-1;
-1;-1;-1;-10;
-10;-1;-1;-10;
-1;-10;-1;-10;
-1;-10;-10;-1;
-10;-1;-10;-1;
-10;-10;-1;-1;
-1;-1;-10;-10;
-10;-10;-1;-1;
-10;-10;-10;-1;
-1;-10;-10;-1;
-10;-1;-10;-1;
-10;-1;-1;-10;
-10;-10;-1;-1;
-1;-10;-10;-10;
-10;-1;-10;-1;
-1;-10;-1;-10;
-1;-10;-10;-10;
-10;-1;-10;-1;
-10;-1;-1;-10;
-1;-10;-1;-10;
-1;-1;-10;-10;
-10;-1;-1;-1;
-10;-10;-1;-1;
-1;-10;-10;-1;
-1;-10;-10;-1;
-10;-1;-10;-10;
-1;-10;-1;-10;
-1;-10;-10;-1;
-1;-10;-10;-1;
-10;-10;-10;-1;
-1;-1;-10;-10;
-10;-1;-1;-10;
-10;-1;-1;-10;
-1;-10;-1;-1;
-1;-10;-10;-1;
-1;-10;-10;-1;
-1;-1;-10;-10;
-10;-10;-1;-1;
-1;-10;-10;-1;
-1;-10;-10;-10;
-10;-1;-10;-1;
-1;-10;-1;-10;
-1;-10;-10;-1;
-10;-1;-10;-1;
-10;-1;-1;-10;
-1;-10;-1;-10;
-1;-10;-10;-1;
-1;-1;-10;-10;
-1;-10;-1;-10;
-1;-1;-10;-1;
-10;-1;-1;-10;
-10;-1;-1;-10;
-10;-1;-1;-10;
-10;-1;-1;-1;
-1;-10;-1;-10;
-10;-1;-10;-1;
-10;-1;-1;-1;
-10;-1;-1;-10;
-1;-10;-1;-10;
-1;-10;-10;-1;
-1;-10;-10;-1;
-1;-10;-10;-10;
-1;-1;-10;-10;
-10;-10;-1;-1;
-10;-1;-10;-1;
-1;-10;-1;-10;
-1;-1;-10;-1;
-10;-10;-1;-1;
-10;-1;-10;-1;
-1;-10;-1;-10;
-1;-1;-10;-1;
-1;-10;-1;-10;
-10;-1;-10;-10;
-10;-10;-1;-1;
-1;-10;-10;-1;
-1;-10;-10;-1;
-1;-10;-10;-1;
-1;-10;-10;-10;
-10;-1;-10;-1;
-1;-1;-1;-1;
-10;-10;-1;-10;
-1;-10;-10;-1;
-1;-1;-10;-1;
-10;-10;-1;-10;
-1;-1;-10;-10;
-10;-10;-1;-1;
-1;-10;-10;-1;
-1;-10;-10;-1;
-10;-1;-10;-1;
-10;-10;-1;-1;
-1;-1;-10;-10;
-1;-10;-1;-10;
-10;-1;-10;-10;
-10;-1;-1;-10;
-10;-1;-1;-1;
-1;-1;-1;-10;
-10;-1;-1;-10;
-10;-10;-1;-10;
-1;-10;-10;-1;
-1;-10;-10;-1;
-10;-1;-10;-1;
-1;-10;-1;-1;
-1;-10;-10;-1;
-1;-1;-10;-10;
-10;-1;-1;-10;
-10;-10;-1;-1;
-10;-1;-10;-1;
-10;-1;-1;-10;
-10;-1;-1;-10;
-10;-10;-1;-1;
-10;-10;-10;-1;
-10;-1;-10;-1;
-1;-10;-1;-10;
-1;-1;-10;-10;
-10;-10;-1;-1;
-10;-1;-10;-1;
-10;-10;-1;-1;
-1;-10;-10;-1;
-1;-1;-10;-10;
-10;-10;-1;-1;
-1;-1;-10;-10;
-10;-10;-1;-1;
-10;-10;-10;-1;
-1;-1;-10;-10;
-10;-10;-1;-1;
-1;-1;-10;-10;
-10;-10;-1;-1;
-10;-1;-10;-1;
-10;-1;-1;-10;
-10;-1;-1;-10;
-10;-10;-1;-1;
-10;-1;-10;-1;
-10;-1;-1;-10;
-10;-1;-1;-10;
-1;-10;-1;-10;
-1;-10;-10;-1;
-1;-1;-10;-10;
-10;-1;-1;-10;
-10;-10;-1;-1;
-1;-10;-10;-1;
-1;-1;-10;-10;
-10;-10;-1;-1;
-10;-1;-10;-1;
-10;-10;-1;-1;
-1;-1;-10;-10;
-10;-1;-1;-10;
-10;-1;-1;-10;
-10;-1;-1;-10;
-1;-1;-1;-10;
-10;-1;-1;-10;
-1;-1;-1;-10;
-10;-1;-1;-10;
-10;-10;-1;-1;
-1;-10;-10;-1;
-10;-1;-10;-10;
-1;-1;-1;-10;
-10;-1;-1;-10;
-10;-10;-1;-1;
-10;-1;-10;-1;
-1;-10;-1;-10;
-10;-1;-10;-1;
-10;-1;-1;-10;
-10;-1;-1;-10;
-10;-10;-1;-1;
-1;-1;-10;-10;
-10;-1;-1;-1;
-1;-1;-1;-10;
-10;-10;-1;-10;
-1;-1;-10;-10;
-1;-1;-1;-10;
-10;-1;-1;-10;
-10;-1;-1;-10;
-1;-1;-1;-10;
-10;-10;-1;-10;
-1;-10;-10;-1;
-1;-10;-10;-1;
-1;-10;-10;-1;
-10;-1;-10;-10;
-1;-10;-1;-10;
-1;-10;-10;-1;
-1;-10;-10;-1;
-1;-1;-10;-10;
-10;-1;-1;-10;
-1;-10;-1;-10;
-1;-10;-10;-1;
-1;-1;-10;-10;
-10;-1;-1;-10;
-10;-1;-1;-10;
-10;-10;-1;-1;
-1;-1;-10;-10;
-10;-10;-1;-1;
-1;-1;-10;-10;
-1;-10;-1;-10;
-1;-10;-10;-1;
-1;-1;-10;-10;
-10;-10;-1;-1;
-1;-1;-10;-10;
-1;-10;-1;-10;
-1;-10;-10;-10;
-10;-1;-10;-1;
-10;-1;-1;-10;
-10;-1;-1;-10;
-1;-10;-1;-10;
-1;-10;-10;-10;
-10;-1;-10;-1;
-1;-10;-1;-10;
-10;-1;-10;-1;
-10;-1;-1;-10;
-10;-10;-1;-1;
-10;-1;-10;-1;
-1;-10;-1;-10;
-1;-10;-10;-10;
-1;-10;-10;-1;
-1;-1;-10;-10;
-10;-10;-1;-1;
-10;-10;-10;-1;
-10;-1;-10;-1;
-10;-1;-1;-10;
-1;-10;-1;-1;
-1;-10;-10;-1;
-1;-10;-10;-1;
-10;-1;-10;-1;
-1;-10;-1;-10;
-10;-1;-10;-1;
-10;-10;-1;-1;
-10;-1;-10;-1;
-10;-1;-1;-10;
-1;-1;-1;-10;
-1;-10;-1;-10;
-10;-10;-10;-1;
-1;-1;-10;-10;
-10;-10;-1;-1;
-10;-1;-10;-1;
-10;-10;-1;-1;
-10;-1;-10;-1;
-10;-1;-1;-10;
-10;-10;-1;-1;
-1;-10;-10;-1;
-1;-1;-10;-1;
-10;-10;-1;-10;
-1;-1;-10;-10;
-1;-10;-1;-10;
-1;-10;-10;-1;
-10;-1;-10;-1;
-10;-1;-1;-10;
-10;-10;-1;-1;
-1;-1;-10;-10;
-10;-1;-1;-10;
-10;-1;-1;-10;
-1;-10;-1;-10;
-1;-10;-10;-1;
-10;-1;-10;-1;
-1;-10;-1;-1;
-10;-1;-10;-1;
-10;-1;-1;-10;
-10;-1;-1;-10;
-1;-1;-1;-10;
-1;-10;-1;-10;
-1;-10;-10;-1;
-1;-10;-10;-1;
-10;-1;-10;-1;
-10;-10;-1;-10;
-10;-1;-10;-1;
-1;-10;-1;-10;
-1;-10;-10;-10;
-1;-1;-10;-10;
-1;-10;-1;-10;
-10;-10;-10;-1;
-1;-10;-10;-1;
-1;-1;-10;-10;
-10;-10;-1;-1;
-1;-1;-10;-10;
-10;-1;-1;-10;
-10;-1;-1;-10;
-10;-1;-1;-10;
-10;-1;-1;-10;
-10;-1;-1;-10;
-1;-10;-1;-1;
-1;-1;-10;-1;
-10;-1;-1;-10;
-10;-10;-1;-1;
-1;-10;-10;-1;
-1;-10;-10;-1;
-1;-1;-10;-10;
-10;-1;-1;-10;
-10;-1;-1;-10;
-10;-10;-1;-1;
-1;-10;-10;-10;
-1;-1;-10;-10;
-10;-10;-1;-1;
-10;-1;-10;-1;
-1;-10;-1;-10;
-10;-1;-10;-1;
-10;-1;-1;-10;
-10;-1;-1;-10;
-1;-10;-1;-10;
-1;-10;-10;-1;
-1;-10;-10;-1;
-1;-10;-10;-1;
-10;-1;-10;-1;
-10;-1;-1;-10;
-1;-1;-1;-10;
-10;-10;-1;-10;
-10;-1;-10;-1;
-1;-10;-1;-1;
-1;-10;-10;-1;
-10;-1;-10;-1;
-10;-1;-1;-10;
-10;-10;-1;-1;
-10;-1;-10;-1;
-1;-10;-1;-10;
-1;-10;-10;-1;
-1;-10;-10;-10;
-1;-1;-10;-10;
-10;-1;-1;-10;
-1;-1;-1;-10;
-10;-10;-1;-10;
-1;-10;-10;-1;
-1;-10;-10;-1;
-10;-1;-10;-10;
-1;-10;-1;-10;
-10;-1;-10;-1;
-10;-10;-1;-1;
-10;-1;-10;-1;
-10;-1;-1;-10;
-1;-10;-1;-10;
-1;-1;-10;-10;
-1;-10;-1;-1;
-10;-1;-10;-1;
-1;-10;-1;-10;
-1;-1;-10;-10;
-10;-10;-1;-1;
-1;-1;-10;-10;
-10;-1;-1;-10;
-10;-10;-1;-10;
-1;-10;-10;-1;
-1;-10;-10;-1;
-10;-10;-10;-1;
-10;-1;-10;-1;
-1;-10;-1;-10;
-1;-10;-10;-10;
-10;-1;-10;-1;
-10;-1;-1;-10;
-10;-1;-1;-10;
-10;-10;-1;-1;
-1;-10;-10;-1;
-1;-1;-10;-10;
-10;-1;-1;-10;
-10;-1;-1;-10;
-1;-10;-1;-10;
-10;-1;-10;-1;
-10;-10;-1;-1;
-1;-10;-10;-1;
-10;-1;-10;-1;
-1;-10;-1;-10;
-1;-10;-10;-1;
-1;-1;-10;-10;
-10;-10;-1;-1;
-10;-1;-10;-1;
-10;-1;-1;-10;
-10;-1;-1;-1;
-10;-1;-1;-10;
-10;-1;-1;-10;
-10;-1;-1;-10;
-10;-1;-1;-10;
-10;-10;-1;-1;
-10;-10;-10;-1;
-10;-1;-10;-1;
-10;-1;-1;-10;
-10;-1;-1;-1;
-10;-10;-1;-1;
-10;-1;-10;-10;
-10;-1;-1;-1;
-10;-1;-1;-10;
-10;-1;-1;-10;
-10;-10;-1;-1;
-10;-1;-10;-1;
-10;-1;-1;-10;
-10;-1;-1;-10;
-10;-1;-1;-1;
-10;-1;-1;-1;
-10;-1;-1;-10;
-10;-1;-1;-10;
-10;-1;-1;-10;
-10;-10;-1;-10;
-10;-1;-10;-1;
-10;-1;-1;-1;
-10;-1;-1;-10;
-10;-10;-1;-10;
-10;-1;-10;-1;
-10;-1;-1;-10;
-10;-1;-1;-10;
-10;-1;-1;-1;
-10;-1;-1;-10;
-10;-10;-1;-1;
-10;-1;-10;-1;
-10;-1;-1;-1;
-10;-10;-1;-10;
